1     9
2     8
3     5
4     4
5     1
6     -1
7     -3
8     -5
9     -8
10     -9
11     -11
12     -12
13     -13
14     -14
15     -15
16     -13
17     -13
18     -14
19     -12
20     -10
21     -8
22     -6
23     -5
24     -2
25     1
26     3
27     5
28     6
29     9
30     11
31     12
32     13
33     15
34     14
35     15
36     14
37     13
38     11
39     11
40     9
41     7
42     6
43     3
44     1
45     -1
46     -4
47     -6
48     -7
49     -9
50     -11
51     -13
52     -14
53     -14
54     -13
55     -15
56     -14
57     -13
58     -12
59     -9
60     -8
61     -6
62     -4
63     -2
64     1
65     3
66     5
67     7
68     8
69     11
70     12
71     14
72     15
73     15
74     15
75     14
76     14
77     12
78     10
79     9
80     7
81     5
82     2
83     1
84     -2
85     -5
86     -7
87     -7
88     -10
89     -11
90     -13
91     -14
92     -14
93     -15
94     -13
95     -13
96     -13
97     -12
98     -9
99     -9
100     -5
101     -3
102     -2
103     1
104     3
105     6
106     7
107     9
108     11
109     13
110     14
111     14
112     14
113     14
114     14
115     13
116     11
117     11
118     9
119     7
120     4
121     2
122     0
123     -2
124     -4
125     -7
126     -8
127     -10
128     -12
129     -13
130     -14
131     -14
132     -14
133     -15
134     -14
135     -12
136     -11
137     -10
138     -7
139     -5
140     -3
141     -1
142     1
143     4
144     6
145     7
146     10
147     11
148     12
149     14
150     14
151     15
152     14
153     14
154     13
155     12
156     10
157     9
158     6
159     5
160     2
161     0
162     -2
163     -5
164     -7
165     -9
166     -11
167     -12
168     -13
169     -14
170     -14
171     -14
172     -14
173     -13
174     -12
175     -10
176     -9
177     -8
178     -6
179     -3
180     -1
181     2
182     4
183     6
184     8
185     11
186     12
187     12
188     13
189     15
190     15
191     14
192     13
193     13
194     12
195     10
196     8
197     6
198     4
199     1
200     0
201     -2
202     -5
203     -7
204     -10
205     -11
206     -12
207     -13
208     -13
209     -15
210     -14
211     -14
212     -13
213     -12
214     -11
215     -9
216     -7
217     -5
218     -2
219     -1
220     2
221     4
222     6
223     9
224     11
225     12
226     12
227     13
228     14
229     14
230     14
231     13
232     13
233     11
234     10
235     8
236     6
237     4
238     1
239     -2
240     -3
241     -5
242     -8
243     -9
244     -11
245     -13
246     -14
247     -14
248     -14
249     -14
250     -13
251     -13
252     -12
253     -10
254     -8
255     -6
256     -5
257     -2
258     0
259     2
260     5
261     7
262     9
263     10
264     12
265     13
266     14
267     15
268     15
269     15
270     13
271     12
272     11
273     9
274     7
275     5
276     3
277     1
278     -1
279     -4
280     -6
281     -8
282     -10
283     -12
284     -12
285     -13
286     -14
287     -15
288     -14
289     -14
290     -12
291     -11
292     -10
293     -8
294     -6
295     -4
296     -1
297     1
298     2
299     4
300     7
301     10
302     11
303     11
304     14
305     14
306     15
307     14
308     14
309     13
310     11
311     11
312     9
313     7
314     5
315     2
316     1
317     -2
318     -5
319     -7
320     -9
321     -10
322     -11
323     -13
324     -14
325     -14
326     -15
327     -14
328     -14
329     -13
330     -11
331     -10
332     -8
333     -6
334     -3
335     -1
336     2
337     3
338     5
339     8
340     9
341     11
342     12
343     14
344     14
345     14
346     14
347     13
348     13
349     12
350     10
351     9
352     6
353     5
354     2
355     -1
356     -3
357     -4
358     -7
359     -8
360     -10
361     -11
362     -14
363     -13
364     -14
365     -14
366     -15
367     -13
368     -12
369     -11
370     -9
371     -7
372     -6
373     -3
374     -1
375     2
376     3
377     6
378     8
379     9
380     11
381     12
382     13
383     15
384     14
385     14
386     13
387     12
388     11
389     10
390     8
391     7
392     4
393     2
394     0
395     -3
396     -5
397     -7
398     -9
399     -11
400     -12
401     -13
402     -14
403     -14
404     -14
405     -14
406     -13
407     -13
408     -10
409     -10
410     -7
411     -5
412     -3
413     0
414     2
415     3
416     7
417     8
418     10
419     12
420     12
421     14
422     15
423     14
424     14
425     14
426     13
427     10
428     9
429     8
430     6
431     3
432     2
433     0
434     -3
435     -5
436     -8
437     -10
438     -11
439     -13
440     -14
441     -14
442     -14
443     -14
444     -14
445     -13
446     -12
447     -10
448     -9
449     -8
450     -5
451     -2
452     0
453     2
454     4
455     7
456     8
457     9
458     12
459     13
460     14
461     15
462     14
463     14
464     13
465     12
466     11
467     9
468     7
469     6
470     3
471     1
472     -1
473     -4
474     -6
475     -8
476     -9
477     -12
478     -13
479     -14
480     -14
481     -14
482     -14
483     -13
484     -13
485     -10
486     -10
487     -8
488     -7
489     -4
490     -2
491     0
492     3
493     5
494     7
495     9
496     11
497     12
498     12
499     14
500     13
501     14
502     14
503     14
504     12
505     11
506     10
507     8
508     5
509     3
510     0
511     -1
512     -4
513     -6
514     -8
515     -10
516     -12
517     -13
518     -13
519     -14
520     -15
521     -14
522     -13
523     -13
524     -12
525     -10
526     -8
527     -6
528     -4
529     -1
530     1
531     2
532     6
533     7
534     8
535     11
536     12
537     13
538     14
539     14
540     14
541     14
542     13
543     12
544     10
545     8
546     7
547     5
548     2
549     0
550     -2
551     -4
