1     -11
2     -8
3     -6
4     -4
5     -1
6     1
7     4
8     6
9     8
10     10
11     12
12     13
13     14
14     15
15     15
16     14
17     13
18     12
19     10
20     8
21     6
22     4
23     1
24     -2
25     -5
26     -6
27     -9
28     -10
29     -12
30     -13
31     -14
32     -14
33     -14
34     -14
35     -13
36     -11
37     -9
38     -8
39     -6
40     -3
41     0
42     2
43     4
44     7
45     9
46     10
47     13
48     14
49     13
50     14
51     12
52     11
53     10
54     7
55     6
56     2
57     0
58     -3
59     -5
60     -7
61     -10
62     -11
63     -13
64     -13
65     -14
66     -15
67     -14
68     -14
69     -13
70     -11
71     -9
72     -7
73     -5
74     -2
75     0
76     3
77     5
78     7
79     10
80     11
81     13
82     14
83     15
84     14
85     14
86     13
87     12
88     11
89     8
90     6
91     4
92     1
93     0
94     -3
95     -5
96     -7
97     -9
98     -12
99     -12
100     -14
101     -14
102     -14
103     -14
104     -13
105     -12
106     -11
107     -8
108     -6
109     -3
110     -1
111     2
112     4
113     6
114     9
115     11
116     11
117     14
118     14
119     14
120     14
121     13
122     13
123     11
124     10
125     8
126     5
127     3
128     1
129     -1
130     -4
131     -6
132     -9
133     -10
134     -12
135     -14
136     -14
137     -14
138     -14
139     -14
140     -13
141     -11
142     -10
143     -7
144     -5
145     -4
146     -1
147     2
148     5
149     7
150     8
151     11
152     12
153     14
154     14
155     15
156     14
157     13
158     13
159     11
160     9
161     7
162     5
163     3
164     0
165     -3
166     -5
167     -8
168     -9
169     -11
170     -13
171     -14
172     -14
173     -15
174     -14
175     -14
176     -13
177     -11
178     -9
179     -7
180     -4
181     -1
182     0
183     3
184     5
185     7
186     10
187     11
188     13
189     14
190     14
191     14
192     13
193     13
194     12
195     10
196     8
197     7
198     4
199     1
200     -2
201     -3
202     -6
203     -9
204     -10
205     -11
206     -13
207     -14
208     -15
209     -15
210     -14
211     -13
212     -12
213     -11
214     -9
215     -6
216     -4
217     -2
218     1
219     4
220     7
221     8
222     10
223     12
224     13
225     14
226     15
227     14
228     14
229     13
230     11
231     10
232     8
233     6
234     3
235     1
236     -1
237     -4
238     -6
239     -9
240     -10
241     -11
242     -14
243     -14
244     -14
245     -15
246     -14
247     -13
248     -12
249     -10
250     -8
251     -5
252     -3
253     0
254     1
255     5
256     5
257     9
258     11
259     12
260     14
261     14
262     14
263     14
264     13
265     13
266     11
267     9
268     7
269     6
270     2
271     0
272     -2
273     -5
274     -8
275     -10
276     -11
277     -12
278     -14
279     -14
280     -14
281     -14
282     -13
283     -13
284     -11
285     -9
286     -8
287     -5
288     -2
289     1
290     3
291     4
292     7
293     9
294     11
295     13
296     13
297     14
298     14
299     14
300     13
301     12
302     11
303     8
304     6
305     5
306     1
307     0
308     -3
309     -6
310     -7
311     -10
312     -11
313     -13
314     -14
315     -15
316     -14
317     -14
318     -13
319     -12
320     -10
321     -8
322     -7
323     -4
324     -2
325     1
326     4
327     5
328     8
329     11
330     11
331     13
332     14
333     15
334     15
335     14
336     14
337     12
338     10
339     9
340     6
341     3
342     1
343     -1
344     -4
345     -6
346     -9
347     -11
348     -12
349     -13
350     -13
351     -14
352     -14
353     -13
354     -12
355     -12
356     -9
357     -8
358     -5
359     -3
360     0
361     2
362     4
363     6
364     8
365     11
366     12
367     13
368     14
369     15
370     14
371     13
372     13
373     11
374     9
375     7
376     6
377     3
378     -1
379     -2
380     -5
381     -8
382     -10
383     -11
384     -13
385     -14
386     -14
387     -14
388     -14
389     -14
390     -12
391     -11
392     -10
393     -7
394     -5
395     -3
396     0
397     3
398     5
399     7
400     10
401     11
402     12
403     13
404     15
405     14
406     14
407     14
408     12
409     10
410     9
411     7
412     4
413     2
414     -1
415     -3
416     -6
417     -7
418     -9
419     -11
420     -13
421     -14
422     -14
423     -15
424     -14
425     -13
426     -13
427     -11
428     -9
429     -7
430     -5
431     -1
432     1
433     4
434     7
435     8
436     9
437     12
438     14
439     14
440     14
441     14
442     15
443     14
444     12
445     9
446     8
447     6
448     4
449     1
450     -1
451     -4
452     -6
453     -8
454     -11
455     -12
456     -13
457     -14
458     -15
459     -15
460     -13
461     -13
462     -11
463     -10
464     -8
465     -5
466     -4
467     -1
468     1
469     4
470     7
471     8
472     11
473     11
474     13
475     14
476     14
477     15
478     13
479     13
480     11
481     10
482     7
483     5
484     3
485     0
486     -2
487     -5
488     -7
489     -9
490     -11
491     -13
492     -13
493     -15
494     -14
495     -14
496     -14
497     -13
498     -11
499     -9
500     -7
501     -5
502     -3
503     -1
504     2
505     6
506     7
507     10
508     12
509     12
510     13
511     14
512     14
513     14
514     13
515     12
516     11
517     9
518     8
519     4
520     2
521     -1
522     -3
523     -6
524     -8
525     -9
526     -11
527     -12
528     -14
529     -15
530     -14
531     -14
532     -14
533     -12
534     -10
535     -10
536     -6
537     -4
538     -1
539     0
540     4
541     6
542     8
543     10
544     12
545     13
546     14
547     14
548     14
549     15
550     14
551     11
