1     -14
2     -14
3     -14
4     -15
5     -15
6     -15
7     -14
8     -14
9     -15
10     -14
11     -14
12     -15
13     -14
14     -13
15     -14
16     -13
17     -14
18     -14
19     -13
20     -14
21     -12
22     -12
23     -12
24     -13
25     -12
26     -12
27     -13
28     -12
29     -13
30     -12
31     -11
32     -10
33     -10
34     -10
35     -10
36     -9
37     -10
38     -9
39     -10
40     -8
41     -8
42     -8
43     -8
44     -8
45     -8
46     -8
47     -7
48     -7
49     -7
50     -7
51     -6
52     -6
53     -6
54     -5
55     -5
56     -5
57     -4
58     -3
59     -3
60     -4
61     -3
62     -3
63     -3
64     -2
65     -2
66     -2
67     -1
68     -1
69     0
70     0
71     0
72     1
73     1
74     1
75     2
76     2
77     2
78     2
79     3
80     4
81     3
82     4
83     4
84     3
85     4
86     5
87     5
88     6
89     6
90     6
91     6
92     7
93     7
94     7
95     8
96     8
97     8
98     7
99     9
100     9
101     9
102     9
103     10
104     10
105     10
106     11
107     11
108     10
109     10
110     11
111     11
112     10
113     12
114     12
115     12
116     14
117     12
118     12
119     12
120     13
121     13
122     13
123     13
124     14
125     13
126     13
127     13
128     13
129     13
130     13
131     13
132     13
133     14
134     13
135     14
136     14
137     15
138     14
139     14
140     13
141     13
142     13
143     13
144     14
145     13
146     14
147     14
148     13
149     13
150     13
151     13
152     13
153     13
154     13
155     12
156     13
157     12
158     12
159     13
160     12
161     12
162     12
163     12
164     11
165     11
166     11
167     10
168     10
169     10
170     10
171     10
172     10
173     9
174     9
175     8
176     9
177     9
178     8
179     8
180     8
181     7
182     8
183     7
184     6
185     6
186     6
187     7
188     5
189     6
190     6
191     4
192     4
193     4
194     4
195     3
196     3
197     2
198     2
199     3
200     3
201     1
202     1
203     0
204     1
205     0
206     -1
207     0
208     0
209     -1
210     -2
211     -2
212     -2
213     -3
214     -3
215     -3
216     -3
217     -5
218     -4
219     -4
220     -4
221     -5
222     -4
223     -5
224     -6
225     -6
226     -6
227     -6
228     -6
229     -8
230     -8
231     -7
232     -7
233     -9
234     -8
235     -8
236     -9
237     -9
238     -10
239     -10
240     -10
241     -10
242     -11
243     -11
244     -11
245     -11
246     -12
247     -11
248     -11
249     -12
250     -12
251     -12
252     -12
253     -13
254     -12
255     -13
256     -13
257     -13
258     -14
259     -14
260     -13
261     -14
262     -14
263     -14
264     -15
265     -14
266     -14
267     -14
268     -15
269     -14
270     -15
271     -14
272     -15
273     -15
274     -15
275     -14
276     -14
277     -15
278     -15
279     -14
280     -14
281     -14
282     -14
283     -15
284     -14
285     -14
286     -14
287     -14
288     -14
289     -13
290     -14
291     -14
292     -13
293     -14
294     -13
295     -13
296     -12
297     -13
298     -12
299     -13
300     -13
301     -12
302     -13
303     -11
304     -11
305     -11
306     -11
307     -10
308     -12
309     -11
310     -10
311     -11
312     -10
313     -10
314     -9
315     -9
316     -9
317     -9
318     -8
319     -8
320     -7
321     -8
322     -8
323     -8
324     -6
325     -6
326     -6
327     -6
328     -5
329     -5
330     -6
331     -4
332     -4
333     -4
334     -4
335     -4
336     -4
337     -3
338     -2
339     -2
340     -2
341     -1
342     -1
343     0
344     0
345     1
346     0
347     0
348     0
349     1
350     2
351     2
352     3
353     2
354     3
355     3
356     4
357     3
358     4
359     4
360     5
361     6
362     6
363     6
364     5
365     6
366     6
367     6
368     8
369     7
370     8
371     7
372     8
373     9
374     9
375     8
376     9
377     9
378     10
379     9
380     10
381     10
382     10
383     10
384     10
385     10
386     11
387     11
388     12
389     12
390     12
391     12
392     12
393     12
394     12
395     12
396     13
397     12
398     13
399     13
400     13
401     14
402     13
403     13
404     14
405     14
406     14
407     13
408     14
409     14
410     13
411     14
412     13
413     14
414     14
415     14
416     14
417     14
418     13
419     14
420     14
421     14
422     13
423     14
424     14
425     14
426     13
427     13
428     13
429     13
430     13
431     13
432     13
433     13
434     13
435     12
436     12
437     12
438     13
439     11
440     12
441     11
442     10
443     11
444     11
445     11
446     10
447     9
448     9
449     10
450     9
451     9
452     9
453     9
454     9
455     9
456     8
457     8
458     7
459     7
460     7
461     6
462     5
463     6
464     7
465     5
466     6
467     5
468     5
469     3
470     3
471     3
472     4
473     3
474     3
475     2
476     1
477     1
478     0
479     1
480     1
481     0
482     0
483     0
484     -1
485     -1
486     -1
487     -2
488     -2
489     -3
490     -3
491     -3
492     -4
493     -4
494     -4
495     -4
496     -4
497     -5
498     -5
499     -6
500     -6
501     -6
502     -7
503     -7
504     -7
505     -8
506     -7
507     -8
508     -8
509     -8
510     -9
511     -8
512     -9
513     -9
514     -10
515     -9
516     -10
517     -10
518     -11
519     -11
520     -11
521     -11
522     -12
523     -12
524     -12
525     -13
526     -12
527     -12
528     -12
529     -13
530     -13
531     -13
532     -13
533     -13
534     -14
535     -13
536     -14
537     -13
538     -14
539     -14
540     -14
541     -14
542     -13
543     -14
544     -15
545     -13
546     -14
547     -15
548     -14
549     -14
550     -15
551     -14
