1     3
2     7
3     10
4     12
5     13
6     14
7     14
8     14
9     13
10     11
11     8
12     4
13     1
14     -3
15     -6
16     -9
17     -12
18     -12
19     -15
20     -14
21     -14
22     -12
23     -10
24     -7
25     -4
26     -1
27     2
28     6
29     8
30     11
31     13
32     14
33     14
34     13
35     13
36     10
37     8
38     4
39     1
40     -2
41     -6
42     -9
43     -11
44     -13
45     -14
46     -14
47     -15
48     -11
49     -4
50     -1
51     -1
52     0
53     5
54     7
55     11
56     13
57     14
58     14
59     14
60     13
61     11
62     9
63     6
64     3
65     -2
66     -3
67     -7
68     -10
69     -13
70     -14
71     -14
72     -14
73     -13
74     -11
75     -9
76     -6
77     -3
78     0
79     4
80     7
81     10
82     11
83     13
84     14
85     14
86     13
87     12
88     9
89     6
90     4
91     -1
92     -4
93     -7
94     -9
95     -12
96     -13
97     -14
98     -14
99     -13
100     -13
101     -10
102     -7
103     -3
104     0
105     4
106     7
107     9
108     12
109     14
110     14
111     14
112     14
113     11
114     8
115     6
116     4
117     1
118     -3
119     -6
120     -9
121     -12
122     -13
123     -14
124     -15
125     -14
126     -12
127     -10
128     -7
129     -4
130     -1
131     2
132     6
133     9
134     11
135     12
136     15
137     14
138     14
139     12
140     10
141     8
142     4
143     2
144     -2
145     -6
146     -9
147     -11
148     -12
149     -14
150     -14
151     -14
152     -12
153     -11
154     -8
155     -5
156     -1
157     2
158     6
159     8
160     11
161     13
162     14
163     14
164     14
165     12
166     12
167     8
168     5
169     2
170     -1
171     -5
172     -8
173     -11
174     -12
175     -13
176     -15
177     -13
178     -12
179     -11
180     -8
181     -6
182     -2
183     2
184     5
185     8
186     10
187     12
188     13
189     14
190     14
191     13
192     11
193     10
194     6
195     3
196     -1
197     -4
198     -7
199     -10
200     -12
201     -14
202     -14
203     -14
204     -13
205     -11
206     -9
207     -6
208     -3
209     1
210     4
211     7
212     10
213     12
214     14
215     15
216     14
217     13
218     11
219     10
220     7
221     2
222     -1
223     -4
224     -7
225     -9
226     -12
227     -14
228     -14
229     -14
230     -13
231     -12
232     -9
233     -7
234     -4
235     0
236     4
237     7
238     9
239     12
240     13
241     14
242     15
243     13
244     11
245     10
246     7
247     4
248     0
249     -3
250     -6
251     -10
252     -11
253     -13
254     -14
255     -14
256     -14
257     -12
258     -10
259     -7
260     -3
261     0
262     3
263     5
264     9
265     11
266     14
267     14
268     14
269     13
270     12
271     9
272     8
273     4
274     1
275     -3
276     -6
277     -8
278     -12
279     -13
280     -14
281     -14
282     -13
283     -13
284     -10
285     -8
286     -4
287     -2
288     3
289     6
290     8
291     11
292     13
293     14
294     15
295     14
296     13
297     11
298     8
299     5
300     2
301     -2
302     -5
303     -9
304     -10
305     -13
306     -14
307     -14
308     -14
309     -12
310     -10
311     -8
312     -5
313     -1
314     1
315     5
316     9
317     11
318     12
319     14
320     15
321     14
322     13
323     11
324     9
325     6
326     2
327     -1
328     -4
329     -8
330     -11
331     -12
332     -14
333     -14
334     -14
335     -12
336     -11
337     -9
338     -6
339     -3
340     1
341     5
342     8
343     9
344     13
345     14
346     14
347     14
348     12
349     12
350     10
351     5
352     2
353     0
354     -4
355     -7
356     -10
357     -12
358     -13
359     -14
360     -13
361     -13
362     -12
363     -9
364     -7
365     -3
366     0
367     4
368     7
369     10
370     12
371     13
372     14
373     15
374     14
375     12
376     9
377     7
378     4
379     1
380     -3
381     -7
382     -9
383     -11
384     -14
385     -14
386     -14
387     -14
388     -12
389     -10
390     -7
391     -3
392     -1
393     3
394     6
395     9
396     11
397     14
398     14
399     14
400     14
401     12
402     10
403     7
404     4
405     1
406     -3
407     -6
408     -9
409     -12
410     -13
411     -14
412     -14
413     -14
414     -12
415     -11
416     -7
417     -4
418     -1
419     2
420     6
421     9
422     11
423     13
424     15
425     14
426     14
427     12
428     10
429     7
430     5
431     1
432     -2
433     -5
434     -9
435     -11
436     -13
437     -14
438     -14
439     -14
440     -13
441     -10
442     -8
443     -5
444     -2
445     2
446     6
447     8
448     11
449     12
450     14
451     15
452     14
453     12
454     11
455     8
456     5
457     2
458     -2
459     -5
460     -8
461     -11
462     -13
463     -14
464     -14
465     -14
466     -14
467     -11
468     -9
469     -6
470     -2
471     1
472     4
473     7
474     11
475     13
476     14
477     14
478     14
479     12
480     12
481     9
482     6
483     3
484     0
485     -4
486     -7
487     -10
488     -12
489     -13
490     -15
491     -14
492     -13
493     -11
494     -10
495     -6
496     -3
497     0
498     4
499     6
500     10
501     12
502     14
503     14
504     14
505     12
506     12
507     10
508     6
509     4
510     1
511     -3
512     -7
513     -10
514     -12
515     -13
516     -15
517     -14
518     -14
519     -12
520     -9
521     -7
522     -3
523     0
524     4
525     6
526     9
527     12
528     14
529     14
530     14
531     13
532     12
533     10
534     8
535     4
536     0
537     -3
538     -6
539     -8
540     -12
541     -13
542     -14
543     -14
544     -14
545     -12
546     -10
547     -8
548     -4
549     -1
550     3
551     6
