1     19
2     19
3     19
4     18
5     18
6     19
7     18
8     18
9     17
10     17
11     16
12     16
13     16
14     16
15     16
16     16
17     15
18     14
19     14
20     14
21     14
22     14
23     13
24     13
25     13
26     12
27     12
28     12
29     11
30     11
31     11
32     11
33     9
34     9
35     9
36     9
37     8
38     8
39     7
40     7
41     6
42     6
43     6
44     5
45     5
46     5
47     4
48     4
49     3
50     3
51     2
52     2
53     1
54     1
55     2
56     0
57     0
58     -1
59     -1
60     -2
61     -1
62     -2
63     -2
64     -3
65     -3
66     -3
67     -4
68     -5
69     -5
70     -5
71     -6
72     -7
73     -7
74     -7
75     -7
76     -7
77     -8
78     -9
79     -8
80     -9
81     -10
82     -10
83     -10
84     -10
85     -11
86     -11
87     -11
88     -12
89     -12
90     -13
91     -14
92     -14
93     -14
94     -15
95     -15
96     -14
97     -16
98     -15
99     -16
100     -16
101     -16
102     -16
103     -16
104     -17
105     -17
106     -17
107     -17
108     -17
109     -18
110     -18
111     -18
112     -18
113     -18
114     -18
115     -19
116     -19
117     -20
118     -19
119     -19
120     -20
121     -20
122     -21
123     -20
124     -20
125     -20
126     -20
127     -20
128     -20
129     -20
130     -20
131     -21
132     -21
133     -21
134     -21
135     -21
136     -22
137     -20
138     -21
139     -21
140     -21
141     -19
142     -20
143     -20
144     -21
145     -20
146     -19
147     -20
148     -19
149     -19
150     -19
151     -20
152     -18
153     -19
154     -17
155     -18
156     -18
157     -17
158     -18
159     -17
160     -17
161     -17
162     -17
163     -16
164     -16
165     -16
166     -16
167     -16
168     -15
169     -15
170     -15
171     -14
172     -14
173     -13
174     -14
175     -13
176     -13
177     -12
178     -12
179     -12
180     -12
181     -11
182     -10
183     -10
184     -9
185     -10
186     -9
187     -8
188     -8
189     -8
190     -8
191     -8
192     -7
193     -7
194     -6
195     -6
196     -6
197     -5
198     -4
199     -4
200     -4
201     -3
202     -3
203     -2
204     -2
205     -2
206     -2
207     -1
208     -1
209     0
210     0
211     1
212     1
213     2
214     2
215     3
216     3
217     3
218     4
219     5
220     5
221     5
222     5
223     6
224     7
225     7
226     6
227     7
228     8
229     9
230     9
231     9
232     10
233     10
234     10
235     10
236     11
237     11
238     12
239     12
240     12
241     12
242     13
243     13
244     14
245     14
246     15
247     14
248     15
249     16
250     15
251     16
252     16
253     16
254     17
255     18
256     17
257     18
258     17
259     19
260     20
261     19
262     20
263     19
264     20
265     20
266     21
267     20
268     20
269     20
270     20
271     20
272     20
273     19
274     20
275     20
276     20
277     20
278     21
279     21
280     20
281     20
282     21
283     20
284     21
285     20
286     21
287     20
288     21
289     20
290     21
291     20
292     20
293     20
294     20
295     20
296     19
297     19
298     19
299     18
300     19
301     19
302     19
303     19
304     19
305     18
306     18
307     17
308     17
309     17
310     17
311     16
312     16
313     16
314     16
315     16
316     16
317     15
318     15
319     15
320     14
321     14
322     14
323     12
324     13
325     12
326     12
327     12
328     11
329     11
330     10
331     11
332     9
333     10
334     9
335     9
336     8
337     8
338     8
339     7
340     6
341     7
342     6
343     6
344     5
345     5
346     4
347     4
348     4
349     3
350     3
351     2
352     2
353     1
354     1
355     1
356     0
357     0
358     0
359     0
360     -2
361     -2
362     -3
363     -3
364     -3
365     -4
366     -4
367     -5
368     -4
369     -5
370     -6
371     -6
372     -6
373     -7
374     -7
375     -8
376     -8
377     -8
378     -9
379     -8
380     -9
381     -9
382     -11
383     -11
384     -11
385     -11
386     -12
387     -12
388     -12
389     -13
390     -13
391     -13
392     -13
393     -15
394     -14
395     -15
396     -16
397     -14
398     -15
399     -15
400     -16
401     -16
402     -16
403     -17
404     -17
405     -17
406     -17
407     -18
408     -18
409     -18
410     -19
411     -19
412     -18
413     -19
414     -19
415     -19
416     -18
417     -20
418     -19
419     -19
420     -20
421     -20
422     -19
423     -19
424     -20
425     -20
426     -20
427     -20
428     -20
429     -20
430     -20
431     -21
432     -20
433     -20
434     -21
435     -21
436     -21
437     -21
438     -20
439     -20
440     -20
441     -20
442     -21
443     -20
444     -20
445     -20
446     -19
447     -20
448     -19
449     -19
450     -20
451     -20
452     -19
453     -19
454     -19
455     -18
456     -18
457     -18
458     -18
459     -17
460     -17
461     -17
462     -18
463     -16
464     -17
465     -16
466     -15
467     -15
468     -15
469     -15
470     -15
471     -14
472     -14
473     -13
474     -13
475     -14
476     -13
477     -12
478     -12
479     -12
480     -11
481     -11
482     -12
483     -11
484     -10
485     -10
486     -10
487     -9
488     -8
489     -8
490     -8
491     -8
492     -7
493     -7
494     -7
495     -6
496     -5
497     -4
498     -4
499     -5
500     -4
501     -4
502     -3
503     -2
504     -3
505     -2
506     -1
507     -1
508     0
509     0
510     1
511     1
512     0
513     2
514     2
515     3
516     3
517     3
518     4
519     4
520     5
521     5
522     6
523     5
524     7
525     7
526     8
527     8
528     9
529     9
530     9
531     9
532     9
533     10
534     11
535     10
536     11
537     12
538     11
539     12
540     12
541     13
542     13
543     14
544     14
545     14
546     15
547     15
548     15
549     15
550     16
551     16
552     16
553     16
554     16
555     16
556     17
557     17
558     17
559     18
560     18
561     17
562     18
563     19
564     19
565     19
566     19
567     20
568     20
569     20
570     19
571     20
572     19
573     20
574     20
575     20
576     21
577     21
578     20
579     20
580     20
581     20
582     20
583     21
584     21
585     21
586     21
587     20
588     21
589     21
590     21
591     20
592     21
593     21
594     20
595     20
596     20
597     20
598     20
599     19
600     20
601     20
602     20
603     20
604     19
605     18
606     18
607     18
608     19
609     18
610     18
611     18
612     18
613     17
614     17
615     16
616     16
617     17
618     16
619     16
620     16
621     14
622     15
623     14
624     14
625     14
626     13
627     13
628     13
629     12
630     13
631     12
632     11
633     11
634     11
635     11
636     10
637     10
638     9
639     9
640     9
641     8
642     8
643     6
644     7
645     6
646     6
647     6
648     6
649     5
650     5
651     4
652     4
653     3
654     2
655     2
656     2
657     2
658     1
659     0
660     1
661     -1
662     0
663     -1
664     0
665     -2
666     -2
667     -3
668     -3
669     -4
670     -4
671     -4
672     -5
673     -5
674     -5
675     -6
676     -7
677     -7
678     -7
679     -7
680     -8
681     -8
682     -9
683     -9
684     -9
685     -10
686     -10
687     -11
688     -11
689     -11
690     -11
691     -13
692     -12
693     -12
694     -14
695     -13
696     -14
697     -14
698     -14
699     -15
700     -14
701     -15
702     -15
703     -16
704     -16
705     -16
706     -16
707     -16
708     -17
709     -18
710     -18
711     -18
712     -18
713     -18
714     -18
715     -18
716     -18
717     -18
718     -20
719     -19
720     -19
721     -19
722     -20
723     -20
724     -19
725     -20
726     -20
727     -20
728     -20
729     -20
730     -21
731     -20
732     -20
733     -20
734     -21
735     -21
736     -20
737     -21
738     -21
739     -21
740     -20
741     -21
742     -20
743     -20
744     -20
745     -20
746     -20
747     -20
748     -20
749     -19
750     -21
751     -19
752     -19
753     -19
754     -19
755     -19
756     -19
757     -19
758     -18
759     -18
760     -18
761     -18
762     -18
763     -18
764     -17
765     -17
766     -17
767     -17
768     -16
769     -16
770     -16
771     -16
772     -15
773     -16
774     -14
775     -13
776     -14
777     -14
778     -13
779     -13
780     -13
781     -12
782     -12
783     -12
784     -11
785     -11
786     -11
787     -10
788     -10
789     -9
790     -10
791     -10
792     -9
793     -8
794     -7
795     -8
796     -7
797     -7
798     -6
799     -6
800     -6
801     -5
802     -4
803     -4
804     -4
805     -3
806     -3
807     -2
808     -1
809     -1
810     -1
811     0
812     0
813     0
814     0
815     1
816     2
817     2
818     2
819     3
820     3
821     4
822     4
823     5
824     5
825     5
826     5
827     6
828     6
829     6
830     8
831     8
832     8
833     8
834     9
835     8
836     9
837     10
838     10
839     10
840     11
841     11
842     12
843     12
844     12
845     13
846     13
847     14
848     14
849     14
850     13
851     15
852     16
853     15
854     15
855     16
856     16
857     15
858     17
859     17
860     17
861     17
862     17
863     17
864     18
865     18
866     18
867     18
868     19
869     18
870     19
871     19
872     20
873     19
874     19
875     19
876     19
877     20
878     21
879     21
880     20
881     20
882     20
883     20
884     20
885     21
886     21
887     21
888     21
889     20
890     21
891     20
892     20
893     21
894     20
895     20
896     20
897     20
898     20
899     20
900     20
901     20
902     20
903     20
904     20
905     19
906     20
907     19
908     19
909     18
910     19
911     18
912     19
913     18
914     17
915     18
916     18
917     18
918     17
919     17
920     16
921     16
922     16
923     16
924     15
925     15
926     15
927     15
928     14
929     14
930     13
931     13
932     13
933     12
934     12
935     12
936     12
937     11
938     11
939     11
940     10
941     10
942     9
943     9
944     8
945     8
946     8
947     8
948     7
949     7
950     6
951     6
952     6
953     6
954     5
955     5
956     3
957     3
958     3
959     3
960     3
961     2
962     1
963     1
964     1
965     0
966     0
967     -1
968     -1
969     -2
970     -2
971     -2
972     -3
973     -4
974     -4
975     -4
976     -4
977     -4
978     -6
979     -5
980     -6
981     -6
982     -7
983     -8
984     -7
985     -8
986     -9
987     -9
988     -9
989     -11
990     -11
991     -11
992     -10
993     -11
994     -11
995     -12
996     -12
997     -13
998     -14
999     -13
1000     -13
1001     -14
1002     -14
1003     -14
1004     -15
1005     -15
1006     -17
1007     -15
1008     -15
1009     -17
1010     -16
1011     -16
1012     -17
1013     -17
1014     -17
1015     -18
1016     -18
1017     -19
1018     -18
1019     -18
1020     -19
1021     -19
1022     -19
1023     -19
1024     -19
1025     -20
1026     -19
1027     -20
1028     -20
1029     -20
1030     -20
1031     -20
1032     -20
1033     -21
1034     -20
1035     -20
1036     -20
1037     -20
1038     -21
1039     -19
1040     -21
1041     -21
1042     -21
1043     -19
1044     -20
1045     -20
1046     -21
1047     -21
1048     -20
1049     -20
1050     -20
1051     -21
1052     -20
1053     -20
1054     -19
1055     -20
1056     -19
1057     -19
1058     -20
1059     -19
1060     -19
1061     -19
1062     -19
1063     -18
1064     -18
1065     -18
1066     -18
1067     -17
1068     -17
1069     -17
1070     -16
1071     -17
1072     -17
1073     -15
1074     -16
1075     -16
1076     -15
1077     -15
1078     -15
1079     -14
1080     -15
1081     -14
1082     -14
1083     -14
1084     -13
1085     -13
1086     -12
1087     -12
1088     -11
1089     -11
1090     -11
1091     -10
1092     -10
1093     -9
1094     -9
1095     -9
1096     -9
1097     -8
1098     -8
1099     -7
1100     -7
1101     -7
1102     -7
1103     -6
1104     -6
1105     -5
1106     -5
1107     -5
1108     -3
1109     -3
1110     -3
1111     -1
1112     -2
1113     -2
1114     -1
1115     -1
1116     -1
1117     -1
1118     1
1119     1
1120     1
1121     2
1122     2
1123     3
1124     3
1125     3
1126     4
1127     4
1128     5
1129     5
1130     5
1131     6
1132     6
1133     6
1134     8
1135     7
1136     8
1137     8
1138     8
1139     8
1140     9
1141     10
1142     10
1143     11
1144     11
1145     11
1146     12
1147     12
1148     12
1149     12
1150     12
1151     13
1152     14
1153     13
1154     14
1155     14
1156     16
1157     15
1158     16
1159     16
1160     16
1161     16
1162     16
1163     16
1164     17
1165     17
1166     17
1167     18
1168     17
1169     17
1170     19
1171     18
1172     19
1173     19
1174     19
1175     19
1176     19
1177     19
1178     19
1179     20
1180     20
1181     19
1182     20
1183     20
1184     20
1185     20
1186     20
1187     21
1188     20
1189     20
1190     20
1191     20
1192     21
1193     20
1194     20
1195     20
1196     21
1197     21
1198     21
1199     20
1200     20
1201     21
1202     20
1203     20
1204     19
1205     20
1206     19
1207     20
1208     20
1209     19
1210     19
1211     19
1212     19
1213     18
1214     19
1215     19
1216     19
1217     17
1218     18
1219     18
1220     17
1221     17
1222     16
1223     17
1224     16
1225     16
1226     17
1227     15
1228     15
1229     15
1230     15
1231     14
1232     14
1233     14
1234     13
1235     13
1236     13
1237     12
1238     12
1239     12
1240     11
1241     11
1242     11
1243     10
1244     10
1245     10
1246     10
1247     9
1248     9
1249     9
1250     8
1251     8
1252     6
1253     7
1254     6
1255     6
1256     6
1257     6
1258     5
1259     4
1260     4
1261     4
1262     3
1263     2
1264     2
1265     1
1266     0
1267     0
1268     1
1269     0
1270     0
1271     -1
1272     -1
1273     -2
1274     -2
1275     -2
1276     -3
1277     -4
1278     -4
1279     -4
1280     -5
1281     -5
1282     -6
1283     -6
1284     -6
1285     -6
1286     -7
1287     -7
1288     -7
1289     -8
1290     -8
1291     -9
1292     -9
1293     -10
1294     -10
1295     -11
1296     -11
1297     -12
1298     -12
1299     -12
1300     -12
1301     -14
1302     -13
1303     -13
1304     -13
1305     -14
1306     -14
1307     -15
1308     -16
1309     -14
1310     -15
1311     -16
1312     -16
1313     -16
1314     -17
1315     -18
1316     -18
1317     -17
1318     -18
1319     -18
1320     -17
1321     -18
1322     -19
1323     -18
1324     -19
1325     -18
1326     -19
1327     -19
1328     -19
1329     -19
1330     -20
1331     -20
1332     -20
1333     -19
1334     -21
1335     -20
1336     -20
1337     -21
1338     -21
1339     -20
1340     -21
1341     -21
1342     -20
1343     -21
1344     -21
1345     -20
1346     -21
1347     -20
1348     -20
1349     -20
1350     -20
1351     -20
1352     -21
1353     -20
1354     -19
1355     -20
1356     -20
1357     -19
1358     -19
1359     -21
1360     -19
1361     -20
1362     -19
1363     -19
1364     -19
1365     -19
1366     -19
1367     -18
1368     -18
1369     -18
1370     -18
1371     -18
1372     -17
1373     -17
1374     -17
1375     -17
1376     -17
1377     -16
1378     -16
1379     -16
1380     -15
1381     -16
1382     -15
1383     -15
1384     -14
1385     -14
1386     -13
1387     -13
1388     -13
1389     -13
1390     -12
1391     -12
1392     -12
1393     -12
1394     -11
1395     -10
1396     -10
1397     -10
1398     -9
1399     -9
1400     -8
1401     -9
1402     -8
1403     -7
1404     -8
1405     -7
1406     -6
1407     -6
1408     -6
1409     -6
1410     -5
1411     -4
1412     -4
1413     -2
1414     -3
1415     -3
1416     -3
1417     -1
1418     -1
1419     -1
1420     0
1421     0
1422     0
1423     0
1424     1
1425     2
1426     2
1427     2
1428     2
1429     3
1430     4
1431     3
1432     5
1433     5
1434     6
1435     6
1436     6
1437     7
1438     7
1439     8
1440     7
1441     9
1442     9
1443     9
1444     9
1445     10
1446     10
1447     11
1448     11
1449     12
1450     12
1451     12
1452     12
1453     13
1454     13
1455     13
1456     13
1457     14
1458     14
1459     14
1460     15
1461     15
1462     16
1463     16
1464     16
1465     16
1466     17
1467     16
1468     17
1469     17
1470     18
1471     17
1472     18
1473     18
1474     18
1475     19
1476     18
1477     19
1478     19
1479     19
1480     19
1481     19
1482     20
1483     19
1484     20
1485     20
1486     20
1487     20
1488     21
1489     20
1490     20
1491     20
1492     20
1493     20
1494     21
1495     21
1496     19
1497     21
1498     20
1499     20
1500     20
1501     19
1502     22
1503     20
1504     20
1505     21
1506     19
1507     20
1508     20
1509     20
1510     20
1511     19
1512     20
1513     20
1514     19
1515     18
1516     19
1517     19
1518     19
1519     18
1520     18
1521     18
1522     18
1523     18
1524     17
1525     17
1526     17
1527     16
1528     17
1529     16
1530     17
1531     16
1532     15
1533     15
1534     15
1535     14
1536     14
1537     14
1538     14
1539     14
1540     13
1541     12
1542     12
1543     13
1544     12
1545     11
1546     11
1547     10
1548     10
1549     10
1550     9
1551     9
1552     9
1553     8
1554     8
1555     8
1556     8
1557     6
1558     7
1559     6
1560     6
1561     5
1562     5
1563     4
1564     4
1565     3
1566     3
1567     2
1568     2
1569     2
1570     2
1571     1
1572     0
1573     0
1574     0
1575     -1
1576     -1
1577     -2
1578     -2
1579     -3
1580     -3
1581     -3
1582     -4
1583     -3
1584     -4
1585     -5
1586     -5
1587     -6
1588     -6
1589     -6
1590     -7
1591     -7
1592     -8
1593     -8
1594     -8
1595     -8
1596     -10
1597     -10
1598     -10
1599     -10
1600     -11
1601     -10
1602     -12
1603     -12
1604     -11
1605     -13
1606     -13
1607     -13
1608     -13
1609     -14
1610     -14
1611     -14
1612     -15
1613     -15
1614     -15
1615     -15
1616     -15
1617     -16
1618     -16
1619     -17
1620     -17
1621     -17
1622     -18
1623     -17
1624     -17
1625     -18
1626     -18
1627     -18
1628     -18
1629     -19
1630     -18
1631     -19
1632     -19
1633     -19
1634     -20
1635     -19
1636     -20
1637     -19
1638     -21
1639     -20
1640     -21
1641     -21
1642     -20
1643     -21
1644     -21
1645     -21
1646     -20
1647     -20
1648     -21
1649     -21
1650     -20
1651     -20
1652     -22
1653     -20
1654     -21
1655     -20
1656     -20
1657     -20
1658     -21
1659     -20
1660     -20
1661     -20
1662     -20
1663     -20
1664     -19
1665     -19
1666     -19
1667     -19
1668     -19
1669     -19
1670     -19
1671     -18
1672     -18
1673     -18
1674     -18
1675     -18
1676     -18
1677     -16
1678     -17
1679     -17
1680     -16
1681     -16
1682     -16
1683     -16
1684     -15
1685     -14
1686     -15
1687     -14
1688     -14
1689     -14
1690     -13
1691     -13
1692     -13
1693     -12
1694     -12
1695     -12
1696     -11
1697     -12
1698     -12
1699     -10
1700     -11
1701     -10
1702     -9
1703     -10
1704     -9
1705     -8
1706     -8
1707     -8
1708     -7
1709     -6
1710     -6
1711     -6
1712     -6
1713     -5
1714     -5
1715     -4
1716     -4
1717     -4
1718     -3
1719     -3
1720     -2
1721     -2
1722     -2
1723     -1
1724     0
1725     0
1726     0
1727     1
1728     1
1729     1
1730     2
1731     2
1732     3
1733     4
1734     3
1735     5
1736     5
1737     6
1738     5
1739     5
1740     6
1741     7
1742     7
1743     7
1744     8
1745     8
1746     9
1747     9
1748     9
1749     10
1750     11
1751     10
1752     11
1753     11
1754     12
1755     12
1756     13
1757     12
1758     13
1759     14
1760     12
1761     14
1762     14
1763     14
1764     14
1765     15
1766     15
1767     15
1768     16
1769     16
1770     16
1771     16
1772     16
1773     17
1774     16
1775     18
1776     17
1777     18
1778     18
1779     19
1780     18
1781     18
1782     19
1783     19
1784     19
1785     20
1786     19
1787     20
1788     19
1789     20
1790     21
1791     20
1792     20
1793     21
1794     20
1795     21
1796     20
1797     21
1798     21
1799     21
1800     21
1801     21
1802     21
1803     21
1804     21
1805     20
1806     20
1807     21
1808     20
1809     21
1810     20
1811     20
1812     20
1813     20
1814     20
1815     20
1816     20
1817     19
1818     19
1819     19
1820     19
1821     18
1822     18
1823     19
1824     19
1825     18
1826     18
1827     17
1828     17
1829     18
1830     17
1831     17
1832     16
1833     16
1834     16
1835     16
1836     16
1837     15
1838     15
1839     14
1840     15
1841     15
1842     13
1843     14
1844     14
1845     13
1846     12
1847     12
1848     12
1849     12
1850     11
1851     11
1852     9
1853     10
1854     9
1855     10
1856     9
1857     8
1858     9
1859     7
1860     7
1861     7
1862     6
1863     6
1864     6
1865     5
1866     6
1867     4
1868     3
1869     4
1870     3
1871     3
1872     2
1873     2
1874     2
1875     1
1876     1
1877     0
1878     0
1879     -1
1880     -1
1881     -2
1882     -2
1883     -1
1884     -3
1885     -3
1886     -4
1887     -4
1888     -5
1889     -5
1890     -6
1891     -6
1892     -6
1893     -7
1894     -7
1895     -8
1896     -8
1897     -8
1898     -9
1899     -10
1900     -10
1901     -9
1902     -10
1903     -10
1904     -11
1905     -11
1906     -12
1907     -12
1908     -12
1909     -12
1910     -13
1911     -13
1912     -13
1913     -13
1914     -13
1915     -14
1916     -15
1917     -15
1918     -15
1919     -15
1920     -15
1921     -16
1922     -16
1923     -17
1924     -18
1925     -17
1926     -17
1927     -18
1928     -18
1929     -18
1930     -18
1931     -18
1932     -19
1933     -19
1934     -19
1935     -19
1936     -19
1937     -20
1938     -19
1939     -19
1940     -20
1941     -20
1942     -20
1943     -20
1944     -20
1945     -20
1946     -20
1947     -20
1948     -20
1949     -21
1950     -21
1951     -21
1952     -20
1953     -20
1954     -21
1955     -20
1956     -20
1957     -20
1958     -20
1959     -19
1960     -21
1961     -20
1962     -20
1963     -20
1964     -20
1965     -19
1966     -20
1967     -19
1968     -19
1969     -19
1970     -20
1971     -19
1972     -19
1973     -19
1974     -19
1975     -18
1976     -19
1977     -18
1978     -18
1979     -17
1980     -17
1981     -17
1982     -17
1983     -17
1984     -17
1985     -17
1986     -16
1987     -16
1988     -16
1989     -15
1990     -15
1991     -15
1992     -15
1993     -14
1994     -13
1995     -13
1996     -13
1997     -13
1998     -12
1999     -12
2000     -12
2001     -12
2002     -11
2003     -10
2004     -10
2005     -10
2006     -10
2007     -9
2008     -8
2009     -8
2010     -8
2011     -7
2012     -7
2013     -7
2014     -6
2015     -5
2016     -5
2017     -5
2018     -5
2019     -5
2020     -4
2021     -3
2022     -3
2023     -3
2024     -3
2025     -2
2026     -2
2027     -1
2028     0
2029     0
2030     0
2031     1
2032     0
2033     1
2034     2
2035     2
2036     3
2037     4
2038     3
2039     4
2040     4
2041     4
2042     5
2043     6
2044     6
2045     6
2046     7
2047     7
2048     7
2049     9
2050     8
2051     9
2052     8
2053     10
2054     11
2055     10
2056     11
2057     11
2058     11
2059     12
2060     12
2061     12
2062     13
2063     13
2064     13
2065     14
2066     14
2067     14
2068     14
2069     15
2070     15
2071     15
2072     16
2073     16
2074     17
2075     17
2076     17
2077     18
2078     17
2079     18
2080     18
2081     18
2082     18
2083     19
2084     19
2085     19
2086     19
2087     20
2088     20
2089     20
2090     20
2091     20
2092     20
2093     20
2094     19
2095     20
2096     20
2097     20
2098     20
2099     20
2100     20
2101     21
2102     20
2103     21
2104     20
2105     20
2106     20
2107     20
2108     20
2109     20
2110     20
2111     20
2112     20
2113     20
2114     20
2115     21
2116     20
2117     19
2118     20
2119     20
2120     19
2121     19
2122     19
2123     20
2124     19
2125     19
2126     19
2127     18
2128     18
2129     17
2130     17
2131     18
2132     18
2133     17
2134     18
2135     16
2136     16
2137     17
2138     16
2139     16
2140     15
2141     15
2142     15
2143     14
2144     14
2145     13
2146     14
2147     13
2148     13
2149     13
2150     13
2151     12
2152     12
2153     11
2154     10
2155     10
2156     10
2157     10
2158     9
2159     9
2160     8
2161     8
2162     7
2163     7
2164     7
2165     7
2166     7
2167     6
2168     6
2169     5
2170     5
2171     4
2172     4
2173     4
2174     3
2175     3
2176     2
2177     1
2178     1
2179     1
2180     1
2181     0
2182     -1
2183     -1
2184     -2
2185     -1
2186     -2
2187     -3
2188     -2
2189     -4
2190     -3
2191     -4
2192     -4
2193     -5
2194     -6
2195     -6
2196     -6
2197     -7
2198     -6
2199     -7
2200     -7
2201     -9
2202     -9
2203     -9
2204     -10
2205     -10
