1     20
2     19
3     19
4     19
5     19
6     19
7     18
8     18
9     17
10     17
11     16
12     15
13     16
14     15
15     15
16     14
17     14
18     13
19     12
20     12
21     12
22     11
23     10
24     11
25     10
26     9
27     9
28     8
29     7
30     7
31     6
32     6
33     4
34     4
35     3
36     3
37     2
38     1
39     1
40     1
41     0
42     -1
43     -1
44     -2
45     -3
46     -3
47     -4
48     -5
49     -6
50     -6
51     -6
52     -8
53     -8
54     -8
55     -8
56     -10
57     -10
58     -11
59     -11
60     -12
61     -12
62     -13
63     -13
64     -14
65     -13
66     -14
67     -15
68     -15
69     -16
70     -15
71     -16
72     -18
73     -17
74     -17
75     -18
76     -18
77     -19
78     -19
79     -19
80     -19
81     -20
82     -20
83     -20
84     -20
85     -20
86     -20
87     -20
88     -21
89     -20
90     -21
91     -21
92     -22
93     -21
94     -21
95     -21
96     -20
97     -21
98     -20
99     -20
100     -20
101     -20
102     -19
103     -19
104     -19
105     -19
106     -19
107     -18
108     -17
109     -18
110     -17
111     -17
112     -17
113     -15
114     -15
115     -16
116     -14
117     -15
118     -14
119     -13
120     -14
121     -13
122     -13
123     -11
124     -11
125     -10
126     -9
127     -9
128     -8
129     -8
130     -7
131     -8
132     -7
133     -6
134     -5
135     -5
136     -5
137     -3
138     -3
139     -3
140     -2
141     0
142     0
143     1
144     1
145     1
146     3
147     3
148     5
149     5
150     5
151     5
152     7
153     6
154     8
155     9
156     8
157     10
158     10
159     11
160     11
161     11
162     12
163     13
164     13
165     14
166     14
167     14
168     15
169     15
170     15
171     17
172     16
173     17
174     16
175     17
176     18
177     18
178     19
179     19
180     19
181     19
182     20
183     20
184     20
185     20
186     20
187     21
188     21
189     20
190     21
191     20
192     20
193     20
194     20
195     20
196     20
197     20
198     20
199     20
200     20
201     20
202     19
203     20
204     19
205     19
206     18
207     18
208     18
209     18
210     18
211     17
212     17
213     16
214     16
215     16
216     15
217     15
218     14
219     14
220     14
221     13
222     12
223     12
224     12
225     11
226     9
227     9
228     9
229     9
230     8
231     7
232     7
233     6
234     6
235     4
236     4
237     3
238     3
239     2
240     2
241     1
242     1
243     0
244     -1
245     -1
246     -2
247     -2
248     -3
249     -4
250     -5
251     -5
252     -6
253     -7
254     -6
255     -7
256     -8
257     -8
258     -10
259     -14
260     -13
261     -14
262     -14
263     -16
264     -15
265     -16
266     -16
267     -17
268     -18
269     -18
270     -18
271     -19
272     -19
273     -19
274     -18
275     -18
276     -18
277     -17
278     -16
279     -16
280     -17
281     -16
282     -15
283     -15
284     -14
285     -14
286     -13
287     -13
288     -11
289     -12
290     -11
291     -10
292     -10
293     -9
294     -8
295     -8
296     -8
297     -7
298     -6
299     -6
300     -5
301     -4
302     -3
303     -3
304     -2
305     -2
306     -1
307     -1
308     0
309     1
310     1
311     1
312     2
313     3
314     3
315     5
316     5
317     5
318     7
319     7
320     7
321     8
322     9
323     8
324     10
325     10
326     10
327     11
328     11
329     13
330     13
331     14
332     13
333     14
334     14
335     15
336     15
337     15
338     16
339     17
340     16
341     18
342     18
343     19
344     18
345     19
346     18
347     19
348     20
349     19
350     20
351     20
352     20
353     19
354     20
355     21
356     20
357     20
358     21
359     21
360     20
361     20
362     20
363     20
364     20
365     20
366     20
367     19
368     20
369     19
370     19
371     19
372     19
373     18
374     18
375     18
376     18
377     18
378     16
379     17
380     16
381     16
382     15
383     15
384     14
385     14
386     13
387     13
388     13
389     11
390     11
391     11
392     11
393     9
394     9
395     9
396     7
397     8
398     7
399     7
400     6
401     4
402     4
403     3
404     3
405     3
406     2
407     1
408     1
409     0
410     -2
411     -2
412     -2
413     -3
414     -3
415     -4
416     -4
417     -6
418     -5
419     -6
420     -7
421     -8
422     -8
423     -8
424     -10
425     -9
426     -10
427     -11
428     -11
429     -12
430     -13
431     -13
432     -13
433     -14
434     -15
435     -15
436     -16
437     -16
438     -15
439     -17
440     -17
441     -18
442     -18
443     -18
444     -19
445     -19
446     -18
447     -19
448     -19
449     -19
450     -20
451     -20
452     -20
453     -21
454     -20
455     -21
456     -21
457     -21
458     -21
459     -20
460     -20
461     -20
462     -21
463     -20
464     -22
465     -20
466     -20
467     -20
468     -20
469     -20
470     -20
471     -19
472     -20
473     -19
474     -18
475     -19
476     -18
477     -17
478     -18
479     -17
480     -16
481     -16
482     -17
483     -16
484     -15
485     -15
486     -15
487     -14
488     -13
489     -12
490     -12
491     -12
492     -12
493     -11
494     -11
495     -10
496     -9
497     -8
498     -7
499     -8
500     -7
501     -6
502     -5
503     -5
504     -5
505     -4
506     -3
507     -2
508     -2
509     -1
510     0
511     0
512     0
513     2
514     2
515     3
516     4
517     4
518     5
519     5
520     6
521     7
522     7
523     7
524     9
525     9
526     10
527     10
528     11
529     12
530     11
531     12
532     12
533     13
534     14
535     13
536     14
537     15
538     15
539     16
540     16
541     17
542     18
543     18
544     18
545     18
546     18
547     19
548     19
549     19
550     19
551     20
552     20
553     20
554     20
555     19
556     21
557     20
558     20
559     21
560     20
561     20
562     20
563     20
564     21
565     21
566     20
567     21
568     20
569     20
570     19
571     19
572     19
573     19
574     19
575     18
576     19
577     18
578     17
579     17
580     16
581     16
582     16
583     16
584     15
585     15
586     15
587     13
588     14
589     13
590     13
591     12
592     12
593     11
594     10
595     10
596     9
597     9
598     8
599     7
600     7
601     7
602     6
603     6
604     5
605     3
606     3
607     2
608     2
609     1
610     1
611     1
612     0
613     -1
614     -2
615     -3
616     -3
617     -3
618     -4
619     -5
620     -5
621     -7
622     -7
623     -8
624     -8
625     -8
626     -10
627     -10
628     -10
629     -11
630     -11
631     -12
632     -13
633     -13
634     -13
635     -14
636     -14
637     -15
638     -16
639     -15
640     -16
641     -17
642     -17
643     -18
644     -18
645     -18
646     -19
647     -18
648     -18
649     -19
650     -19
651     -20
652     -20
653     -20
654     -21
655     -20
656     -20
657     -21
658     -21
659     -21
660     -20
661     -21
662     -20
663     -20
664     -20
665     -21
666     -20
667     -20
668     -21
669     -20
670     -20
671     -20
672     -20
673     -19
674     -19
675     -19
676     -19
677     -19
678     -18
679     -18
680     -18
681     -17
682     -18
683     -17
684     -16
685     -16
686     -15
687     -15
688     -14
689     -14
690     -14
691     -13
692     -12
693     -12
694     -12
695     -11
696     -10
697     -10
698     -9
699     -9
700     -7
701     -7
702     -7
703     -6
704     -6
705     -5
706     -4
707     -3
708     -3
709     -3
710     -2
711     -2
712     -1
713     0
714     1
715     1
716     2
717     3
718     3
719     4
720     4
721     5
722     5
723     6
724     7
725     7
726     8
727     8
728     9
729     10
730     10
731     11
732     11
733     12
734     12
735     13
736     14
737     13
738     14
739     14
740     16
741     15
742     16
743     16
744     17
745     17
746     17
747     18
748     18
749     19
750     18
751     19
752     19
753     19
754     20
755     19
756     20
757     20
758     20
759     20
760     20
761     20
762     20
763     20
764     20
765     20
766     20
767     20
768     20
769     20
770     19
771     19
772     20
773     19
774     20
775     20
776     19
777     18
778     19
779     18
780     17
781     18
782     17
783     17
784     17
785     15
786     15
787     16
788     14
789     14
790     13
791     12
792     12
793     13
794     12
795     10
796     11
797     10
798     10
799     8
800     8
801     7
802     7
803     7
804     6
805     5
806     5
807     4
808     4
809     3
810     2
811     2
812     1
813     0
814     -1
815     -1
816     -1
817     -3
818     -3
819     -3
820     -5
821     -5
822     -5
823     -5
824     -6
825     -7
826     -8
827     -9
828     -9
829     -10
830     -9
831     -10
832     -11
833     -12
834     -12
835     -13
836     -13
837     -14
838     -15
839     -15
840     -15
841     -16
842     -15
843     -16
844     -17
845     -17
846     -17
847     -17
848     -18
849     -19
850     -20
851     -19
852     -18
853     -20
854     -19
855     -20
856     -20
857     -21
858     -20
859     -20
860     -21
861     -21
862     -21
863     -21
864     -21
865     -20
866     -21
867     -21
868     -21
869     -21
870     -20
871     -20
872     -19
873     -20
874     -20
875     -20
876     -20
877     -19
878     -18
879     -18
880     -18
881     -18
882     -18
883     -18
884     -17
885     -16
886     -16
887     -16
888     -15
889     -15
890     -14
891     -15
892     -14
893     -13
894     -13
895     -12
896     -12
897     -11
898     -10
899     -9
900     -9
901     -9
902     -8
903     -7
904     -6
905     -7
906     -5
907     -5
908     -5
909     -4
910     -3
911     -3
912     -1
913     -1
914     -1
915     0
916     1
917     2
918     2
919     2
920     3
921     3
922     4
923     5
924     5
925     6
926     7
927     8
928     7
929     9
930     8
931     10
932     10
933     10
934     11
935     12
936     13
937     13
938     14
939     14
940     15
941     15
942     15
943     16
944     15
945     17
946     17
947     17
948     18
949     18
950     18
951     19
952     19
953     20
954     19
955     20
956     19
957     20
958     20
959     20
960     20
961     20
962     20
963     21
964     21
965     21
966     20
967     20
968     21
969     21
970     20
971     21
972     20
973     19
974     19
975     19
976     20
977     20
978     18
979     19
980     19
981     18
982     18
983     17
984     18
985     17
986     16
987     16
988     16
989     14
990     14
991     14
992     15
993     14
994     14
995     12
996     12
997     11
998     10
999     10
1000     10
1001     9
1002     9
1003     8
1004     7
1005     7
1006     5
1007     6
1008     5
1009     4
1010     4
1011     3
1012     2
1013     2
1014     1
1015     0
1016     0
1017     -1
1018     -1
1019     -2
1020     -3
1021     -4
1022     -4
1023     -4
1024     -5
1025     -6
1026     -6
1027     -8
1028     -8
1029     -8
1030     -9
1031     -10
1032     -10
1033     -11
1034     -11
1035     -12
1036     -12
1037     -12
1038     -14
1039     -12
1040     -15
1041     -15
1042     -15
1043     -14
1044     -16
1045     -16
1046     -17
1047     -17
1048     -18
1049     -18
1050     -18
1051     -19
1052     -19
1053     -19
1054     -19
1055     -20
1056     -19
1057     -20
1058     -20
1059     -20
1060     -20
1061     -20
1062     -21
1063     -21
1064     -21
1065     -20
1066     -21
1067     -21
1068     -20
1069     -20
1070     -20
1071     -21
1072     -21
1073     -19
1074     -20
1075     -21
1076     -19
1077     -20
1078     -20
1079     -19
1080     -19
1081     -18
1082     -19
1083     -19
1084     -18
1085     -18
1086     -17
1087     -17
1088     -16
1089     -16
1090     -16
1091     -15
1092     -14
1093     -13
1094     -13
1095     -13
1096     -13
1097     -12
1098     -11
1099     -11
1100     -11
1101     -10
1102     -10
1103     -9
1104     -9
1105     -8
1106     -7
1107     -7
1108     -5
1109     -5
1110     -5
1111     -3
1112     -4
1113     -4
1114     -2
1115     -1
1116     -1
1117     -1
1118     1
1119     1
1120     2
1121     2
1122     3
1123     4
1124     4
1125     5
1126     5
1127     6
1128     7
1129     7
1130     8
1131     8
1132     9
1133     10
1134     11
1135     11
1136     11
1137     11
1138     12
1139     12
1140     13
1141     14
1142     14
1143     15
1144     15
1145     15
1146     16
1147     17
1148     17
1149     17
1150     16
1151     18
1152     18
1153     18
1154     19
1155     19
1156     20
1157     19
1158     20
1159     20
1160     20
1161     20
1162     20
1163     20
1164     20
1165     20
1166     20
1167     20
1168     20
1169     20
1170     21
1171     20
1172     20
1173     20
1174     21
1175     20
1176     20
1177     20
1178     19
1179     19
1180     19
1181     18
1182     19
1183     18
1184     18
1185     18
1186     17
1187     18
1188     16
1189     16
1190     15
1191     15
1192     15
1193     14
1194     14
1195     13
1196     13
1197     12
1198     12
1199     11
1200     11
1201     11
1202     10
1203     9
1204     8
1205     9
1206     7
1207     7
1208     7
1209     6
1210     5
1211     4
1212     4
1213     3
1214     3
1215     2
1216     2
1217     0
1218     1
1219     -1
1220     -2
1221     -2
1222     -3
1223     -3
1224     -4
1225     -4
1226     -4
1227     -6
1228     -6
1229     -7
1230     -8
1231     -8
1232     -9
1233     -9
1234     -10
1235     -10
1236     -11
1237     -12
1238     -12
1239     -13
1240     -13
1241     -14
1242     -14
1243     -15
1244     -15
1245     -15
1246     -16
1247     -16
1248     -16
1249     -16
1250     -17
1251     -17
1252     -19
1253     -18
1254     -18
1255     -19
1256     -19
1257     -19
1258     -19
1259     -20
1260     -20
1261     -19
1262     -21
1263     -21
1264     -20
1265     -21
1266     -22
1267     -22
1268     -21
1269     -20
1270     -21
1271     -20
1272     -21
1273     -21
1274     -20
1275     -20
1276     -20
1277     -20
1278     -20
1279     -20
1280     -19
1281     -19
1282     -20
1283     -19
1284     -18
1285     -18
1286     -18
1287     -17
1288     -17
1289     -17
1290     -16
1291     -16
1292     -15
1293     -15
1294     -15
1295     -15
1296     -14
1297     -14
1298     -13
1299     -12
1300     -12
1301     -12
1302     -11
1303     -10
1304     -9
1305     -9
1306     -8
1307     -8
1308     -8
1309     -6
1310     -6
1311     -6
1312     -5
1313     -4
1314     -4
1315     -4
1316     -3
1317     -2
1318     -1
1319     -1
1320     1
1321     1
1322     1
1323     3
1324     3
1325     4
1326     4
1327     5
1328     6
1329     6
1330     6
1331     7
1332     7
1333     8
1334     8
1335     9
1336     10
1337     10
1338     11
1339     12
1340     12
1341     13
1342     14
1343     13
1344     14
1345     14
1346     14
1347     15
1348     16
1349     16
1350     17
1351     17
1352     17
1353     18
1354     19
1355     19
1356     18
1357     19
1358     19
1359     18
1360     20
1361     19
1362     20
1363     19
1364     20
1365     20
1366     20
1367     21
1368     21
1369     20
1370     21
1371     20
1372     21
1373     21
1374     20
1375     20
1376     19
1377     20
1378     20
1379     19
1380     19
1381     19
1382     19
1383     18
1384     18
1385     18
1386     18
1387     18
1388     17
1389     17
1390     17
1391     16
1392     16
1393     15
1394     15
1395     15
1396     14
1397     13
1398     13
1399     12
1400     12
1401     11
1402     11
1403     11
1404     10
1405     10
1406     9
1407     8
1408     8
1409     6
1410     6
1411     6
1412     5
1413     6
1414     4
1415     3
1416     2
1417     2
1418     1
1419     1
1420     0
1421     0
1422     -2
1423     -2
1424     -3
1425     -3
1426     -4
1427     -4
1428     -5
1429     -6
1430     -6
1431     -8
1432     -7
1433     -8
1434     -8
1435     -8
1436     -10
1437     -10
1438     -11
1439     -11
1440     -12
1441     -12
1442     -13
1443     -14
1444     -14
1445     -14
1446     -14
1447     -14
1448     -15
1449     -16
1450     -16
1451     -17
1452     -17
1453     -17
1454     -18
1455     -18
1456     -19
1457     -18
1458     -19
1459     -20
1460     -19
1461     -19
1462     -19
1463     -19
1464     -20
1465     -21
1466     -20
1467     -21
1468     -20
1469     -20
1470     -20
1471     -21
1472     -20
1473     -20
1474     -20
1475     -20
1476     -21
1477     -19
1478     -20
1479     -20
1480     -20
1481     -20
1482     -20
1483     -20
1484     -19
1485     -19
1486     -18
1487     -18
1488     -17
1489     -17
1490     -18
1491     -17
1492     -17
1493     -16
1494     -16
1495     -15
1496     -16
1497     -14
1498     -14
1499     -14
1500     -13
1501     -14
1502     -11
1503     -12
1504     -11
1505     -10
1506     -10
1507     -9
1508     -8
1509     -8
1510     -8
1511     -7
1512     -6
1513     -5
1514     -5
1515     -5
1516     -4
1517     -3
1518     -2
1519     -2
1520     -1
1521     0
1522     0
1523     1
1524     1
1525     2
1526     3
1527     3
1528     4
1529     5
1530     5
1531     6
1532     6
1533     7
1534     8
1535     8
1536     8
1537     9
1538     10
1539     11
1540     11
1541     11
1542     12
1543     13
1544     13
1545     13
1546     14
1547     14
1548     15
1549     15
1550     15
1551     16
1552     17
1553     17
1554     17
1555     17
1556     19
1557     17
1558     19
1559     18
1560     19
1561     19
1562     20
1563     19
1564     20
1565     19
1566     20
1567     20
1568     20
1569     20
1570     21
1571     20
1572     20
1573     21
1574     20
1575     20
1576     20
1577     20
1578     20
1579     20
1580     20
1581     19
1582     19
1583     20
1584     19
1585     19
1586     19
1587     18
1588     18
1589     18
1590     17
1591     17
1592     16
1593     16
1594     16
1595     16
1596     14
1597     14
1598     14
1599     14
1600     13
1601     13
1602     12
1603     11
1604     12
1605     10
1606     10
1607     9
1608     9
1609     8
1610     8
1611     7
1612     6
1613     6
1614     6
1615     5
1616     5
1617     4
1618     3
1619     2
1620     1
1621     1
1622     0
1623     0
1624     0
1625     -2
1626     -2
1627     -3
1628     -3
1629     -5
1630     -4
1631     -5
1632     -5
1633     -6
1634     -8
1635     -7
1636     -8
1637     -9
1638     -10
1639     -10
1640     -11
1641     -12
1642     -11
1643     -12
1644     -13
1645     -13
1646     -14
1647     -14
1648     -14
1649     -15
1650     -15
1651     -16
1652     -17
1653     -16
1654     -18
1655     -17
1656     -18
1657     -18
1658     -19
1659     -19
1660     -19
1661     -20
1662     -20
1663     -20
1664     -20
1665     -20
1666     -19
1667     -20
1668     -21
1669     -21
1670     -21
1671     -20
1672     -21
1673     -21
1674     -21
1675     -21
1676     -21
1677     -20
1678     -21
1679     -21
1680     -20
1681     -20
1682     -20
1683     -20
1684     -19
1685     -19
1686     -19
1687     -18
1688     -18
1689     -18
1690     -18
1691     -18
1692     -18
1693     -17
1694     -17
1695     -17
1696     -16
1697     -16
1698     -16
1699     -14
1700     -15
1701     -14
1702     -13
1703     -13
1704     -12
1705     -12
1706     -11
1707     -11
1708     -10
1709     -9
1710     -8
1711     -8
1712     -8
1713     -7
1714     -7
1715     -6
1716     -5
1717     -5
1718     -4
1719     -4
1720     -3
1721     -2
1722     -2
1723     -1
1724     0
1725     1
1726     1
1727     1
1728     2
1729     2
1730     4
1731     4
1732     5
1733     6
1734     6
1735     7
1736     7
1737     9
1738     8
1739     9
1740     10
1741     11
1742     11
1743     11
1744     13
1745     12
1746     13
1747     14
1748     13
1749     14
1750     15
1751     15
1752     16
1753     16
1754     17
1755     17
1756     17
1757     17
1758     18
1759     18
1760     17
1761     19
1762     18
1763     19
1764     19
1765     19
1766     19
1767     20
1768     19
1769     20
1770     20
1771     20
1772     19
1773     21
1774     20
1775     21
1776     20
1777     20
1778     20
1779     21
1780     20
1781     19
1782     20
1783     20
1784     20
1785     19
1786     19
1787     19
1788     18
1789     19
1790     19
1791     18
1792     18
1793     17
1794     17
1795     17
1796     16
1797     16
1798     16
1799     15
1800     14
1801     14
1802     14
1803     13
1804     13
1805     11
1806     11
1807     11
1808     10
1809     10
1810     9
1811     9
1812     8
1813     8
1814     7
1815     6
1816     6
1817     5
1818     5
1819     4
1820     3
1821     2
1822     1
1823     1
1824     1
1825     0
1826     0
1827     -2
1828     -2
1829     -2
1830     -3
1831     -4
1832     -5
1833     -5
1834     -6
1835     -6
1836     -6
1837     -8
1838     -9
1839     -9
1840     -9
1841     -9
1842     -12
1843     -11
1844     -11
1845     -11
1846     -13
1847     -13
1848     -14
1849     -13
1850     -14
1851     -15
1852     -16
1853     -16
1854     -17
1855     -16
1856     -17
1857     -18
1858     -17
1859     -18
1860     -18
1861     -19
1862     -19
1863     -19
1864     -19
1865     -20
1866     -19
1867     -20
1868     -21
1869     -20
1870     -21
1871     -20
1872     -20
1873     -21
1874     -21
1875     -21
1876     -21
1877     -21
1878     -20
1879     -21
1880     -21
1881     -21
1882     -20
1883     -19
1884     -21
1885     -20
1886     -20
1887     -19
1888     -19
1889     -19
1890     -19
1891     -19
1892     -18
1893     -18
1894     -17
1895     -18
1896     -17
1897     -16
1898     -17
1899     -16
1900     -15
1901     -14
1902     -15
1903     -14
1904     -14
1905     -13
1906     -13
1907     -12
1908     -11
1909     -10
1910     -10
1911     -10
1912     -8
1913     -8
1914     -7
1915     -7
1916     -7
1917     -6
1918     -5
1919     -4
1920     -4
1921     -4
1922     -3
1923     -3
1924     -2
1925     -1
1926     -1
1927     0
1928     1
1929     1
1930     2
1931     3
1932     3
1933     4
1934     5
1935     6
1936     6
1937     6
1938     8
1939     8
1940     9
1941     8
1942     10
1943     10
1944     11
1945     11
1946     12
1947     12
1948     13
1949     13
1950     13
1951     14
1952     15
1953     15
1954     15
1955     16
1956     17
1957     17
1958     17
1959     18
1960     17
1961     18
1962     18
1963     18
1964     18
1965     19
1966     19
1967     20
1968     20
1969     20
1970     19
1971     20
1972     20
1973     20
1974     20
1975     21
1976     20
1977     21
1978     20
1979     21
1980     20
1981     20
1982     20
1983     19
1984     20
1985     19
1986     19
1987     20
1988     19
1989     19
1990     19
1991     18
1992     18
1993     17
1994     18
1995     17
1996     17
1997     16
1998     16
1999     16
2000     15
2001     14
2002     14
2003     14
2004     13
2005     13
2006     12
2007     12
2008     12
2009     11
2010     10
2011     11
2012     9
2013     8
2014     8
2015     8
2016     7
2017     6
2018     5
2019     5
2020     5
2021     4
2022     3
2023     3
2024     1
2025     1
2026     0
2027     0
2028     -1
2029     -1
2030     -2
2031     -2
2032     -4
2033     -4
2034     -4
2035     -5
2036     -6
2037     -6
2038     -7
2039     -8
2040     -8
2041     -9
2042     -9
2043     -9
2044     -10
2045     -11
2046     -10
2047     -12
2048     -13
2049     -12
2050     -14
2051     -14
2052     -15
2053     -15
2054     -15
2055     -16
2056     -16
2057     -17
2058     -17
2059     -18
2060     -17
2061     -18
2062     -18
2063     -19
2064     -19
2065     -19
2066     -19
2067     -20
2068     -21
2069     -20
2070     -20
2071     -20
2072     -20
2073     -21
2074     -20
2075     -21
2076     -21
2077     -20
2078     -21
2079     -21
2080     -21
2081     -20
2082     -20
2083     -20
2084     -20
2085     -20
2086     -20
2087     -19
2088     -19
2089     -19
2090     -19
2091     -19
2092     -18
2093     -19
2094     -19
2095     -18
2096     -18
2097     -17
2098     -17
2099     -17
2100     -17
2101     -16
2102     -16
2103     -15
2104     -14
2105     -14
2106     -14
2107     -13
2108     -12
2109     -12
2110     -11
2111     -11
2112     -11
2113     -9
2114     -9
2115     -8
2116     -8
2117     -8
2118     -7
2119     -6
2120     -6
2121     -5
2122     -4
2123     -3
2124     -3
2125     -2
2126     -2
2127     -1
2128     -1
2129     -1
2130     0
2131     2
2132     2
2133     2
2134     3
2135     4
2136     4
2137     6
2138     6
2139     6
2140     7
2141     7
2142     8
2143     8
2144     9
2145     9
2146     10
2147     11
2148     11
2149     12
2150     13
2151     13
2152     14
2153     13
2154     14
2155     15
2156     15
2157     16
2158     16
2159     17
2160     17
2161     17
2162     17
2163     18
2164     18
2165     18
2166     19
2167     19
2168     19
2169     19
2170     20
2171     20
2172     20
2173     20
2174     20
2175     20
2176     20
2177     20
2178     20
2179     20
2180     21
2181     20
2182     20
2183     20
2184     20
2185     20
2186     20
2187     19
2188     20
2189     19
2190     19
2191     19
2192     19
2193     19
2194     18
2195     18
2196     18
2197     17
2198     17
2199     17
2200     17
2201     15
2202     15
2203     15
2204     14
2205     14
