1     -2
2     -2
3     -3
4     -2
5     -2
6     -1
7     -1
8     -2
9     -1
10     -1
11     -2
12     -1
13     -1
14     -1
15     -1
16     0
17     -1
18     0
19     0
20     0
21     0
22     0
23     1
24     1
25     1
26     1
27     1
28     0
29     1
30     2
31     1
32     1
33     1
34     2
35     2
36     2
37     2
38     2
39     2
40     2
41     2
42     3
43     3
44     3
45     3
46     4
47     3
48     3
49     4
50     4
51     3
52     4
53     4
54     4
55     4
56     4
57     4
58     5
59     4
60     4
61     5
62     4
63     5
64     5
65     5
66     5
67     5
68     6
69     6
70     6
71     6
72     6
73     6
74     7
75     6
76     6
77     6
78     6
79     7
80     7
81     6
82     7
83     8
84     7
85     7
86     7
87     8
88     7
89     8
90     8
91     8
92     8
93     8
94     9
95     8
96     9
97     8
98     8
99     9
100     10
101     9
102     9
103     10
104     9
105     10
106     10
107     9
108     10
109     10
110     10
111     10
112     10
113     11
114     10
115     11
116     10
117     11
118     11
119     10
120     11
121     11
122     11
123     11
124     11
125     11
126     11
127     11
128     12
129     12
130     11
131     11
132     13
133     11
134     13
135     12
136     12
137     12
138     13
139     12
140     12
141     13
142     13
143     13
144     13
145     13
146     13
147     12
148     14
149     14
150     14
151     14
152     14
153     14
154     14
155     14
156     15
157     15
158     15
159     14
160     15
161     15
162     15
163     15
164     14
165     15
166     15
167     15
168     16
169     15
170     15
171     15
172     16
173     16
174     15
175     16
176     15
177     16
178     16
179     16
180     16
181     15
182     16
183     17
184     16
185     17
186     16
187     17
188     17
189     17
190     17
191     16
192     17
193     16
194     17
195     18
196     17
197     17
198     17
199     18
200     18
201     16
202     18
203     18
204     18
205     17
206     18
207     18
208     18
209     18
210     18
211     17
212     18
213     17
214     18
215     18
216     18
217     19
218     18
219     18
220     18
221     18
222     18
223     19
224     18
225     19
226     19
227     18
228     19
229     18
230     19
231     19
232     19
233     19
234     19
235     19
236     19
237     19
238     19
239     19
240     19
241     19
242     20
243     19
244     19
245     19
246     20
247     19
248     19
249     20
250     19
251     20
252     20
253     19
254     19
255     20
256     19
257     20
258     19
259     20
260     20
261     20
262     19
263     20
264     20
265     20
266     20
267     19
268     20
269     19
270     20
271     20
272     20
273     21
274     20
275     20
276     20
277     20
278     20
279     21
280     19
281     20
282     19
283     20
284     20
285     21
286     20
287     20
288     21
289     20
290     20
291     20
292     20
293     20
294     21
295     21
296     20
297     20
298     20
299     21
300     20
301     20
302     20
303     21
304     19
305     20
306     20
307     21
308     20
309     20
310     20
311     21
312     20
313     20
314     19
315     21
316     20
317     20
318     20
319     20
320     20
321     20
322     20
323     20
324     21
325     20
326     20
327     19
328     20
329     20
330     20
331     20
332     20
333     20
334     19
335     20
336     20
337     20
338     20
339     19
340     19
341     19
342     19
343     20
344     21
345     19
346     19
347     20
348     19
349     20
350     19
351     18
352     19
353     20
354     19
355     19
356     19
357     19
358     19
359     19
360     19
361     19
362     19
363     20
364     19
365     19
366     19
367     18
368     18
369     18
370     18
371     19
372     18
373     19
374     18
375     18
376     18
377     17
378     19
379     18
380     18
381     18
382     18
383     17
384     17
385     18
386     18
387     18
388     17
389     18
390     17
391     17
392     17
393     16
394     17
395     17
396     17
397     17
398     17
399     17
400     16
401     17
402     17
403     17
404     16
405     17
406     16
407     16
408     17
409     16
410     16
411     15
412     16
413     16
414     16
415     16
416     15
417     15
418     15
419     16
420     15
421     15
422     15
423     15
424     15
425     15
426     15
427     14
428     15
429     15
430     15
431     15
432     14
433     15
434     14
435     14
436     15
437     14
438     14
439     14
440     14
441     14
442     14
443     14
444     13
445     13
446     14
447     14
448     13
449     14
450     13
451     13
452     13
453     12
454     13
455     12
456     12
457     12
458     12
459     11
460     12
461     11
462     12
463     12
464     11
465     11
466     11
467     11
468     11
469     11
470     11
471     10
472     11
473     11
474     11
475     10
476     10
477     10
478     11
479     10
480     10
481     10
482     10
483     10
484     10
485     10
486     10
487     9
488     8
489     9
490     9
491     9
492     9
493     9
494     8
495     8
496     9
497     8
498     8
499     8
500     8
501     8
502     7
503     7
504     7
505     8
506     8
507     7
508     8
509     8
510     7
511     7
512     6
513     6
514     6
515     6
516     6
517     6
518     6
519     6
520     6
521     5
522     5
523     5
524     5
525     6
526     5
527     5
528     5
529     5
530     5
531     5
532     5
533     4
534     4
535     4
536     3
537     3
538     4
539     4
540     4
541     3
542     3
543     3
544     3
545     3
546     3
547     3
548     3
549     3
550     3
551     3
552     3
553     2
554     2
555     2
556     2
557     2
558     2
559     2
560     1
561     1
562     1
563     0
564     1
565     1
566     0
567     1
568     0
569     0
570     1
571     0
572     -1
573     1
574     0
575     0
576     0
577     -1
578     -1
579     0
580     -1
581     -1
582     -1
583     -1
584     -2
585     -1
586     -1
587     -2
588     -2
589     -2
590     -2
591     -2
592     -3
593     -3
594     -2
595     -2
596     -3
597     -2
598     -2
599     -3
600     -3
601     -4
602     -3
603     -4
604     -4
605     -3
606     -4
607     -4
608     -4
609     -4
610     -4
611     -4
612     -4
613     -5
614     -5
615     -5
616     -4
617     -5
618     -5
619     -5
620     -5
621     -5
622     -5
623     -6
624     -6
625     -6
626     -6
627     -6
628     -6
629     -6
630     -6
631     -6
632     -7
633     -6
634     -6
635     -7
636     -8
637     -8
638     -7
639     -7
640     -7
641     -7
642     -8
643     -8
644     -7
645     -8
646     -9
647     -9
648     -8
649     -8
650     -8
651     -9
652     -9
653     -9
654     -9
655     -10
656     -9
657     -9
658     -10
659     -9
660     -9
661     -10
662     -9
663     -10
664     -10
665     -9
666     -10
667     -10
668     -11
669     -10
670     -10
671     -10
672     -11
673     -11
674     -11
675     -11
676     -11
677     -11
678     -12
679     -11
680     -12
681     -12
682     -12
683     -12
684     -12
685     -13
686     -13
687     -12
688     -13
689     -12
690     -13
691     -12
692     -13
693     -12
694     -13
695     -13
696     -13
697     -13
698     -14
699     -13
700     -13
701     -14
702     -13
703     -13
704     -14
705     -14
706     -14
707     -13
708     -14
709     -14
710     -14
711     -14
712     -14
713     -14
714     -14
715     -15
716     -15
717     -15
718     -15
719     -15
720     -15
721     -15
722     -16
723     -15
724     -15
725     -15
726     -14
727     -15
728     -15
729     -16
730     -16
731     -16
732     -16
733     -16
734     -16
735     -16
736     -16
737     -16
738     -17
739     -17
740     -16
741     -16
742     -16
743     -16
744     -17
745     -16
746     -17
747     -17
748     -17
749     -17
750     -17
751     -17
752     -17
753     -17
754     -17
755     -17
756     -17
757     -18
758     -18
759     -17
760     -17
761     -18
762     -19
763     -17
764     -18
765     -17
766     -18
767     -17
768     -18
769     -19
770     -18
771     -18
772     -18
773     -19
774     -19
775     -18
776     -18
777     -19
778     -19
779     -19
780     -18
781     -18
782     -19
783     -19
784     -18
785     -19
786     -19
787     -19
788     -20
789     -19
790     -19
791     -19
792     -19
793     -18
794     -19
795     -19
796     -19
797     -20
798     -19
799     -19
800     -19
801     -19
802     -19
803     -19
804     -20
805     -19
806     -20
807     -20
808     -20
809     -19
810     -20
811     -20
812     -21
813     -20
814     -20
815     -20
816     -20
817     -19
818     -20
819     -20
820     -20
821     -20
822     -20
823     -20
824     -20
825     -20
826     -20
827     -20
828     -20
829     -21
830     -20
831     -20
832     -19
833     -20
834     -21
835     -20
836     -20
837     -20
838     -20
839     -20
840     -20
841     -20
842     -20
843     -20
844     -20
845     -20
846     -20
847     -20
848     -19
849     -20
850     -20
851     -20
852     -20
853     -20
854     -20
855     -20
856     -20
857     -19
858     -19
859     -20
860     -20
861     -20
862     -21
863     -20
864     -19
865     -19
866     -20
867     -20
868     -20
869     -20
870     -20
871     -21
872     -19
873     -19
874     -20
875     -20
876     -20
877     -19
878     -19
879     -20
880     -19
881     -20
882     -20
883     -20
884     -19
885     -20
886     -19
887     -19
888     -19
889     -20
890     -19
891     -20
892     -19
893     -19
894     -19
895     -20
896     -19
897     -20
898     -19
899     -19
900     -19
901     -18
902     -20
903     -19
904     -19
905     -19
906     -19
907     -19
908     -19
909     -18
910     -19
911     -19
912     -19
913     -18
914     -19
915     -18
916     -18
917     -18
918     -19
919     -18
920     -18
921     -18
922     -18
923     -18
924     -18
925     -18
926     -19
927     -18
928     -18
929     -17
930     -18
931     -18
932     -18
933     -18
934     -18
935     -17
936     -17
937     -18
938     -17
939     -17
940     -17
941     -17
942     -17
943     -17
944     -17
945     -16
946     -17
947     -17
948     -17
949     -17
950     -17
951     -17
952     -16
953     -16
954     -16
955     -17
956     -16
957     -16
958     -17
959     -16
960     -17
961     -16
962     -16
963     -15
964     -15
965     -15
966     -15
967     -15
968     -15
969     -15
970     -16
971     -14
972     -15
973     -15
974     -15
975     -15
976     -15
977     -15
978     -14
979     -14
980     -15
981     -15
982     -14
983     -14
984     -15
985     -14
986     -14
987     -14
988     -14
989     -13
990     -13
991     -14
992     -13
993     -14
994     -14
995     -14
996     -14
997     -14
998     -13
999     -13
1000     -13
1001     -12
1002     -13
1003     -12
1004     -12
1005     -13
1006     -12
1007     -12
1008     -13
1009     -13
1010     -12
1011     -11
1012     -12
1013     -12
1014     -12
1015     -13
1016     -12
1017     -11
1018     -11
1019     -11
1020     -11
1021     -11
1022     -11
1023     -11
1024     -10
1025     -11
1026     -10
1027     -10
1028     -10
1029     -11
1030     -10
1031     -9
1032     -9
1033     -10
1034     -9
1035     -9
1036     -10
1037     -9
1038     -9
1039     -10
1040     -9
1041     -9
1042     -9
1043     -10
1044     -8
1045     -9
1046     -8
1047     -7
1048     -9
1049     -9
1050     -8
1051     -7
1052     -7
1053     -7
1054     -7
1055     -7
1056     -7
1057     -7
1058     -8
1059     -7
1060     -7
1061     -6
1062     -7
1063     -7
1064     -7
1065     -7
1066     -6
1067     -6
1068     -6
1069     -5
1070     -6
1071     -6
1072     -6
1073     -5
1074     -4
1075     -6
1076     -5
1077     -5
1078     -5
1079     -5
1080     -4
1081     -5
1082     -4
1083     -5
1084     -5
1085     -5
1086     -4
1087     -4
1088     -3
1089     -4
1090     -3
1091     -4
1092     -3
1093     -3
1094     -3
1095     -3
1096     -3
1097     -2
1098     -3
1099     -1
1100     -3
1101     -2
1102     -2
1103     -2
1104     -2
1105     -1
1106     -2
1107     -1
1108     -2
1109     -2
1110     -1
1111     -1
1112     -1
1113     -1
1114     -2
1115     -1
1116     -1
1117     -1
1118     0
1119     0
1120     0
1121     0
1122     0
1123     -1
1124     0
1125     0
1126     1
1127     0
1128     0
1129     1
1130     1
1131     1
1132     1
1133     1
1134     1
1135     1
1136     2
1137     2
1138     2
1139     2
1140     2
1141     2
1142     2
1143     2
1144     1
1145     2
1146     3
1147     3
1148     2
1149     3
1150     4
1151     4
1152     3
1153     5
1154     4
1155     3
1156     4
1157     4
1158     5
1159     5
1160     4
1161     4
1162     5
1163     5
1164     4
1165     5
1166     5
1167     5
1168     4
1169     5
1170     6
1171     6
1172     6
1173     5
1174     6
1175     6
1176     6
1177     6
1178     7
1179     7
1180     7
1181     7
1182     7
1183     7
1184     8
1185     7
1186     7
1187     7
1188     7
1189     8
1190     7
1191     8
1192     8
1193     7
1194     8
1195     8
1196     8
1197     9
1198     9
1199     9
1200     9
1201     8
1202     8
1203     10
1204     9
1205     9
1206     9
1207     8
1208     10
1209     9
1210     10
1211     9
1212     10
1213     10
1214     10
1215     11
1216     10
1217     10
1218     10
1219     10
1220     11
1221     11
1222     11
1223     11
1224     11
1225     12
1226     10
1227     10
1228     11
1229     12
1230     11
1231     11
1232     12
1233     11
1234     13
1235     12
1236     13
1237     12
1238     13
1239     12
1240     12
1241     13
1242     13
1243     13
1244     12
1245     13
1246     13
1247     13
1248     13
1249     14
1250     13
1251     14
1252     14
1253     13
1254     13
1255     14
1256     14
1257     14
1258     14
1259     14
1260     15
1261     15
1262     15
1263     15
1264     14
1265     15
1266     16
1267     15
1268     15
1269     15
1270     15
1271     15
1272     16
1273     15
1274     15
1275     15
1276     15
1277     15
1278     15
1279     16
1280     15
1281     15
1282     16
1283     16
1284     17
1285     16
1286     17
1287     16
1288     16
1289     16
1290     17
1291     16
1292     17
1293     17
1294     17
1295     17
1296     17
1297     17
1298     16
1299     17
1300     18
1301     17
1302     18
1303     17
1304     17
1305     18
1306     18
1307     17
1308     17
1309     18
1310     18
1311     17
1312     18
1313     17
1314     18
1315     17
1316     17
1317     17
1318     18
1319     18
1320     18
1321     18
1322     18
1323     19
1324     18
1325     18
1326     18
1327     18
1328     19
1329     18
1330     19
1331     19
1332     19
1333     19
1334     19
1335     19
1336     20
1337     19
1338     19
1339     19
1340     19
1341     19
1342     18
1343     20
1344     19
1345     19
1346     20
1347     20
1348     20
1349     19
1350     19
1351     20
1352     19
1353     20
1354     19
1355     20
1356     20
1357     20
1358     19
1359     19
1360     19
1361     20
1362     20
1363     20
1364     20
1365     20
1366     21
1367     20
1368     19
1369     20
1370     21
1371     20
1372     20
1373     20
1374     19
1375     20
1376     20
1377     20
1378     20
1379     19
1380     20
1381     21
1382     20
1383     20
1384     20
1385     20
1386     21
1387     21
1388     20
1389     20
1390     20
1391     20
1392     20
1393     21
1394     20
1395     20
1396     21
1397     20
1398     20
1399     21
1400     21
1401     21
1402     21
1403     20
1404     20
1405     20
1406     20
1407     20
1408     20
1409     21
1410     20
1411     21
1412     20
1413     20
1414     20
1415     21
1416     20
1417     21
1418     21
1419     21
1420     20
1421     20
1422     20
1423     20
1424     20
1425     20
1426     20
1427     20
1428     20
1429     19
1430     20
1431     20
1432     20
1433     21
1434     20
1435     20
1436     19
1437     19
1438     20
1439     20
1440     19
1441     19
1442     20
1443     20
1444     19
1445     20
1446     19
1447     20
1448     19
1449     19
1450     20
1451     19
1452     19
1453     19
1454     18
1455     19
1456     19
1457     19
1458     19
1459     19
1460     18
1461     19
1462     19
1463     19
1464     19
1465     19
1466     19
1467     18
1468     18
1469     19
1470     18
1471     18
1472     18
1473     19
1474     19
1475     19
1476     18
1477     18
1478     18
1479     18
1480     18
1481     18
1482     18
1483     18
1484     18
1485     18
1486     17
1487     18
1488     18
1489     18
1490     17
1491     18
1492     17
1493     17
1494     17
1495     17
1496     17
1497     17
1498     18
1499     18
1500     17
1501     17
1502     18
1503     17
1504     17
1505     17
1506     17
1507     16
1508     17
1509     16
1510     16
1511     16
1512     16
1513     16
1514     17
1515     16
1516     16
1517     16
1518     16
1519     16
1520     16
1521     16
1522     15
1523     15
1524     15
1525     15
1526     15
1527     15
1528     15
1529     15
1530     14
1531     15
1532     14
1533     14
1534     14
1535     15
1536     14
1537     14
1538     14
1539     14
1540     14
1541     14
1542     14
1543     14
1544     13
1545     14
1546     13
1547     13
1548     14
1549     13
1550     13
1551     13
1552     13
1553     13
1554     13
1555     12
1556     12
1557     13
1558     12
1559     13
1560     12
1561     13
1562     12
1563     12
1564     12
1565     12
1566     12
1567     12
1568     11
1569     11
1570     11
1571     11
1572     11
1573     11
1574     11
1575     11
1576     10
1577     10
1578     11
1579     11
1580     11
1581     11
1582     10
1583     10
1584     10
1585     10
1586     9
1587     10
1588     10
1589     10
1590     9
1591     9
1592     10
1593     9
1594     9
1595     9
1596     10
1597     8
1598     9
1599     9
1600     9
1601     8
1602     8
1603     7
1604     8
1605     8
1606     9
1607     8
1608     8
1609     8
1610     8
1611     8
1612     7
1613     7
1614     7
1615     7
1616     7
1617     7
1618     7
1619     6
1620     6
1621     6
1622     5
1623     6
1624     6
1625     6
1626     6
1627     6
1628     6
1629     5
1630     5
1631     4
1632     4
1633     5
1634     5
1635     5
1636     4
1637     4
1638     5
1639     4
1640     4
1641     4
1642     4
1643     4
1644     4
1645     4
1646     3
1647     3
1648     3
1649     3
1650     2
1651     3
1652     3
1653     3
1654     2
1655     2
1656     2
1657     2
1658     2
1659     1
1660     2
1661     1
1662     1
1663     1
1664     2
1665     2
1666     1
1667     1
1668     1
1669     1
1670     1
1671     0
1672     1
1673     0
1674     0
1675     0
1676     -1
1677     0
1678     -1
1679     0
1680     0
1681     0
1682     -1
1683     -1
1684     -1
1685     -1
1686     -1
1687     -1
1688     -2
1689     -2
1690     -2
1691     -3
1692     -3
1693     -1
1694     -2
1695     -2
1696     -3
1697     -3
1698     -2
1699     -3
1700     -2
1701     -2
1702     -3
1703     -4
1704     -3
1705     -3
1706     -3
1707     -4
1708     -3
1709     -4
1710     -4
1711     -4
1712     -5
1713     -4
1714     -4
1715     -4
1716     -5
1717     -5
1718     -5
1719     -5
1720     -5
1721     -6
1722     -6
1723     -5
1724     -6
1725     -6
1726     -6
1727     -5
1728     -6
1729     -6
1730     -6
1731     -6
1732     -6
1733     -7
1734     -6
1735     -6
1736     -7
1737     -7
1738     -8
1739     -7
1740     -7
1741     -7
1742     -7
1743     -8
1744     -8
1745     -8
1746     -8
1747     -8
1748     -8
1749     -9
1750     -7
1751     -8
1752     -8
1753     -9
1754     -8
1755     -8
1756     -9
1757     -9
1758     -10
1759     -9
1760     -9
1761     -9
1762     -9
1763     -9
1764     -9
1765     -10
1766     -10
1767     -10
1768     -10
1769     -10
1770     -10
1771     -10
1772     -10
1773     -10
1774     -11
1775     -11
1776     -11
1777     -11
1778     -12
1779     -12
1780     -11
1781     -12
1782     -11
1783     -12
1784     -12
1785     -12
1786     -12
1787     -11
1788     -12
1789     -12
1790     -13
1791     -13
1792     -12
1793     -12
1794     -13
1795     -12
1796     -12
1797     -12
1798     -13
1799     -13
1800     -13
1801     -13
1802     -13
1803     -13
1804     -14
1805     -13
1806     -14
1807     -14
1808     -14
1809     -14
1810     -14
1811     -14
1812     -14
1813     -13
1814     -15
1815     -14
1816     -14
1817     -15
1818     -15
1819     -14
1820     -15
1821     -15
1822     -15
1823     -15
1824     -15
1825     -15
1826     -16
1827     -16
1828     -16
1829     -16
1830     -15
1831     -15
1832     -17
1833     -16
1834     -16
1835     -16
1836     -16
1837     -16
1838     -16
1839     -16
1840     -16
1841     -16
1842     -16
1843     -16
1844     -17
1845     -15
1846     -17
1847     -16
1848     -17
1849     -16
1850     -17
1851     -17
1852     -17
1853     -17
1854     -17
1855     -16
1856     -17
1857     -18
1858     -18
1859     -17
1860     -17
1861     -17
1862     -17
1863     -17
1864     -18
1865     -17
1866     -17
1867     -17
1868     -17
1869     -18
1870     -18
1871     -18
1872     -18
1873     -18
1874     -18
1875     -18
1876     -18
1877     -18
1878     -18
1879     -18
1880     -19
1881     -18
1882     -19
1883     -18
1884     -19
1885     -18
1886     -18
1887     -19
1888     -18
1889     -19
1890     -19
1891     -19
1892     -19
1893     -18
1894     -19
1895     -20
1896     -19
1897     -19
1898     -19
1899     -19
1900     -19
1901     -19
1902     -20
1903     -19
1904     -19
1905     -19
1906     -19
1907     -19
1908     -19
1909     -20
1910     -20
1911     -19
1912     -19
1913     -19
1914     -20
1915     -19
1916     -19
1917     -19
1918     -19
1919     -19
1920     -20
1921     -20
1922     -20
1923     -20
1924     -20
1925     -20
1926     -19
1927     -20
1928     -20
1929     -20
1930     -20
1931     -20
1932     -20
1933     -20
1934     -21
1935     -20
1936     -20
1937     -19
1938     -20
1939     -20
1940     -19
1941     -19
1942     -20
1943     -19
1944     -20
1945     -20
1946     -20
1947     -20
1948     -20
1949     -19
1950     -21
1951     -20
1952     -20
1953     -20
1954     -20
1955     -20
1956     -21
1957     -20
1958     -19
1959     -20
1960     -20
1961     -20
1962     -20
1963     -20
1964     -20
1965     -20
1966     -20
1967     -21
1968     -20
1969     -20
1970     -20
1971     -20
1972     -20
1973     -20
1974     -20
1975     -20
1976     -20
1977     -20
1978     -19
1979     -20
1980     -20
1981     -19
1982     -19
1983     -20
1984     -19
1985     -20
1986     -20
1987     -20
1988     -19
1989     -20
1990     -19
1991     -19
1992     -20
1993     -20
1994     -19
1995     -19
1996     -19
1997     -19
1998     -19
1999     -19
2000     -19
2001     -19
2002     -19
2003     -19
2004     -18
2005     -19
2006     -18
2007     -19
2008     -19
2009     -18
2010     -19
2011     -19
2012     -19
2013     -19
2014     -19
2015     -18
2016     -19
2017     -19
2018     -18
2019     -18
2020     -18
2021     -18
2022     -18
2023     -18
2024     -19
2025     -19
2026     -18
2027     -18
2028     -18
2029     -17
2030     -18
2031     -18
2032     -18
2033     -17
2034     -18
2035     -17
2036     -18
2037     -17
2038     -17
2039     -18
2040     -17
2041     -17
2042     -17
2043     -17
2044     -17
2045     -17
2046     -17
2047     -17
2048     -17
2049     -17
2050     -16
2051     -16
2052     -17
2053     -17
2054     -17
2055     -17
2056     -16
2057     -17
2058     -16
2059     -16
2060     -15
2061     -16
2062     -16
2063     -17
2064     -16
2065     -16
2066     -16
2067     -15
2068     -15
2069     -15
2070     -16
2071     -16
2072     -16
2073     -15
2074     -16
2075     -15
2076     -16
2077     -16
2078     -14
2079     -15
2080     -15
2081     -15
2082     -14
2083     -15
2084     -15
2085     -14
2086     -14
2087     -14
2088     -14
2089     -14
2090     -14
2091     -14
2092     -13
2093     -14
2094     -14
2095     -14
2096     -13
2097     -13
2098     -14
2099     -13
2100     -13
2101     -12
2102     -13
2103     -12
2104     -12
2105     -13
2106     -12
2107     -12
2108     -12
2109     -12
2110     -12
2111     -13
2112     -12
2113     -13
2114     -12
2115     -12
2116     -12
2117     -12
2118     -11
2119     -12
2120     -12
2121     -11
2122     -11
2123     -10
2124     -11
2125     -11
2126     -10
2127     -11
2128     -10
2129     -10
2130     -10
2131     -11
2132     -11
2133     -10
2134     -10
2135     -10
2136     -10
2137     -9
2138     -9
2139     -9
2140     -9
2141     -10
2142     -9
2143     -10
2144     -9
2145     -8
2146     -10
2147     -9
2148     -9
2149     -9
2150     -8
2151     -9
2152     -8
2153     -8
2154     -8
2155     -7
2156     -8
2157     -8
2158     -7
2159     -7
2160     -7
2161     -7
2162     -7
2163     -7
2164     -7
2165     -5
2166     -7
2167     -7
2168     -7
2169     -6
2170     -6
2171     -6
2172     -6
2173     -6
2174     -6
2175     -5
2176     -6
2177     -5
2178     -5
2179     -5
2180     -6
2181     -5
2182     -4
2183     -5
2184     -4
2185     -4
2186     -5
2187     -4
2188     -4
2189     -4
2190     -3
2191     -4
2192     -3
2193     -3
2194     -4
2195     -4
2196     -4
2197     -3
2198     -2
2199     -3
2200     -3
2201     -3
2202     -3
2203     -2
2204     -3
2205     -2
