1     -6
2     -5
3     -4
4     -3
5     -2
6     0
7     2
8     3
9     4
10     5
11     7
12     7
13     9
14     10
15     10
16     11
17     12
18     13
19     13
20     16
21     16
22     17
23     19
24     18
25     18
26     19
27     20
28     20
29     20
30     20
31     21
32     21
33     20
34     20
35     20
36     19
37     21
38     19
39     19
40     18
41     17
42     17
43     16
44     16
45     15
46     14
47     13
48     11
49     11
50     11
51     8
52     7
53     6
54     5
55     4
56     3
57     1
58     1
59     -1
60     -2
61     -4
62     -4
63     -6
64     -7
65     -8
66     -9
67     -10
68     -11
69     -12
70     -13
71     -15
72     -15
73     -15
74     -16
75     -16
76     -18
77     -19
78     -19
79     -20
80     -20
81     -20
82     -20
83     -20
84     -21
85     -21
86     -21
87     -20
88     -20
89     -20
90     -20
91     -20
92     -19
93     -18
94     -17
95     -16
96     -16
97     -15
98     -14
99     -14
100     -13
101     -12
102     -10
103     -10
104     -9
105     -7
106     -6
107     -4
108     -4
109     -2
110     -1
111     0
112     2
113     3
114     4
115     5
116     6
117     8
118     8
119     9
120     10
121     12
122     12
123     14
124     14
125     15
126     16
127     17
128     18
129     18
130     19
131     18
132     20
133     20
134     20
135     20
136     20
137     21
138     20
139     20
140     20
141     20
142     19
143     19
144     18
145     18
146     18
147     17
148     16
149     16
150     14
151     13
152     12
153     12
154     10
155     10
156     9
157     8
158     6
159     6
160     4
161     2
162     2
163     0
164     -1
165     -2
166     -4
167     -5
168     -5
169     -7
170     -8
171     -10
172     -11
173     -12
174     -12
175     -13
176     -15
177     -15
178     -16
179     -17
180     -18
181     -19
182     -19
183     -19
184     -19
185     -20
186     -20
187     -20
188     -20
189     -20
190     -20
191     -21
192     -20
193     -20
194     -20
195     -20
196     -19
197     -18
198     -18
199     -17
200     -16
201     -16
202     -15
203     -14
204     -12
205     -12
206     -11
207     -10
208     -9
209     -8
210     -7
211     -5
212     -4
213     -3
214     -2
215     0
216     0
217     1
218     3
219     4
220     5
221     7
222     8
223     9
224     10
225     11
226     12
227     13
228     14
229     15
230     15
231     16
232     17
233     18
234     18
235     19
236     20
237     19
238     19
239     21
240     20
241     21
242     20
243     20
244     20
245     20
246     20
247     19
248     19
249     18
250     18
251     17
252     16
253     16
254     15
255     14
256     13
257     12
258     12
259     2
260     1
261     -1
262     -1
263     -3
264     -3
265     -6
266     -6
267     -8
268     -8
269     -9
270     -10
271     -17
272     -21
273     -19
274     -20
275     -19
276     -17
277     -18
278     -16
279     -16
280     -15
281     -14
282     -14
283     -13
284     -12
285     -11
286     -9
287     -9
288     -8
289     -7
290     -5
291     -5
292     -3
293     -2
294     0
295     1
296     2
297     4
298     4
299     6
300     7
301     8
302     9
303     10
304     11
305     12
306     14
307     14
308     15
309     16
310     17
311     17
312     19
313     19
314     19
315     19
316     20
317     20
318     20
319     21
320     20
321     20
322     21
323     20
324     20
325     20
326     18
327     19
328     18
329     18
330     17
331     17
332     16
333     16
334     14
335     12
336     12
337     11
338     10
339     9
340     8
341     7
342     6
343     4
344     3
345     2
346     2
347     -1
348     -2
349     -3
350     -5
351     -5
352     -6
353     -7
354     -9
355     -10
356     -11
357     -11
358     -13
359     -14
360     -15
361     -15
362     -16
363     -17
364     -17
365     -18
366     -19
367     -20
368     -20
369     -20
370     -20
371     -21
372     -20
373     -21
374     -21
375     -20
376     -20
377     -19
378     -19
379     -19
380     -19
381     -18
382     -18
383     -17
384     -16
385     -15
386     -15
387     -13
388     -13
389     -11
390     -11
391     -9
392     -8
393     -7
394     -6
395     -4
396     -4
397     -2
398     -1
399     0
400     1
401     2
402     3
403     5
404     6
405     7
406     8
407     9
408     11
409     12
410     13
411     14
412     14
413     15
414     16
415     17
416     17
417     18
418     19
419     19
420     19
421     20
422     19
423     21
424     20
425     20
426     21
427     20
428     20
429     20
430     19
431     19
432     19
433     18
434     17
435     17
436     16
437     15
438     15
439     14
440     13
441     12
442     11
443     9
444     8
445     7
446     6
447     5
448     3
449     3
450     2
451     1
452     -1
453     -3
454     -3
455     -5
456     -6
457     -7
458     -8
459     -10
460     -10
461     -11
462     -13
463     -13
464     -14
465     -15
466     -17
467     -16
468     -17
469     -18
470     -18
471     -20
472     -19
473     -20
474     -20
475     -20
476     -21
477     -20
478     -20
479     -20
480     -20
481     -20
482     -19
483     -20
484     -18
485     -19
486     -18
487     -17
488     -17
489     -16
490     -14
491     -14
492     -13
493     -12
494     -11
495     -10
496     -9
497     -8
498     -7
499     -6
500     -5
501     -3
502     -3
503     -1
504     0
505     2
506     2
507     4
508     4
509     6
510     7
511     9
512     9
513     10
514     11
515     13
516     14
517     14
518     16
519     16
520     17
521     18
522     18
523     18
524     20
525     19
526     20
527     20
528     21
529     20
530     20
531     19
532     20
533     20
534     20
535     20
536     19
537     20
538     18
539     18
540     17
541     16
542     15
543     14
544     13
545     12
546     12
547     10
548     10
549     8
550     7
551     7
552     4
553     4
554     3
555     2
556     0
557     -1
558     -2
559     -4
560     -5
561     -6
562     -8
563     -8
564     -9
565     -10
566     -12
567     -13
568     -13
569     -14
570     -15
571     -16
572     -18
573     -17
574     -18
575     -19
576     -19
577     -19
578     -20
579     -20
580     -20
581     -20
582     -20
583     -21
584     -20
585     -21
586     -19
587     -20
588     -19
589     -18
590     -18
591     -18
592     -18
593     -17
594     -16
595     -14
596     -14
597     -13
598     -13
599     -10
600     -10
601     -9
602     -8
603     -7
604     -6
605     -4
606     -3
607     -1
608     -1
609     1
610     2
611     3
612     4
613     6
614     7
615     7
616     9
617     10
618     11
619     12
620     13
621     14
622     14
623     16
624     16
625     17
626     17
627     19
628     19
629     20
630     20
631     20
632     21
633     20
634     20
635     21
636     21
637     21
638     21
639     21
640     19
641     19
642     19
643     18
644     17
645     17
646     15
647     14
648     13
649     14
650     13
651     11
652     11
653     9
654     8
655     7
656     6
657     4
658     3
659     2
660     1
661     0
662     -2
663     -3
664     -4
665     -4
666     -6
667     -8
668     -8
669     -9
670     -11
671     -11
672     -13
673     -13
674     -15
675     -15
676     -16
677     -18
678     -18
679     -19
680     -19
681     -19
682     -20
683     -20
684     -20
685     -20
686     -21
687     -20
688     -21
689     -21
690     -20
691     -20
692     -19
693     -19
694     -18
695     -18
696     -19
697     -17
698     -16
699     -15
700     -15
701     -14
702     -13
703     -12
704     -11
705     -10
706     -9
707     -7
708     -6
709     -6
710     -4
711     -3
712     -2
713     0
714     0
715     2
716     4
717     5
718     6
719     6
720     8
721     9
722     11
723     11
724     12
725     13
726     15
727     15
728     16
729     16
730     17
731     19
732     19
733     19
734     19
735     20
736     20
737     20
738     20
739     21
740     21
741     20
742     20
743     20
744     20
745     19
746     19
747     19
748     18
749     17
750     17
751     15
752     15
753     14
754     12
755     12
756     12
757     10
758     9
759     8
760     7
761     5
762     5
763     3
764     2
765     1
766     -1
767     -2
768     -3
769     -4
770     -6
771     -6
772     -7
773     -8
774     -10
775     -11
776     -12
777     -13
778     -14
779     -14
780     -16
781     -16
782     -17
783     -18
784     -18
785     -19
786     -20
787     -19
788     -20
789     -19
790     -21
791     -20
792     -21
793     -21
794     -21
795     -20
796     -20
797     -19
798     -19
799     -18
800     -18
801     -17
802     -18
803     -17
804     -16
805     -15
806     -13
807     -12
808     -12
809     -10
810     -10
811     -8
812     -8
813     -6
814     -5
815     -4
816     -2
817     -1
818     0
819     1
820     2
821     5
822     5
823     6
824     7
825     9
826     9
827     11
828     11
829     12
830     14
831     15
832     15
833     16
834     16
835     17
836     18
837     19
838     19
839     20
840     20
841     21
842     21
843     21
844     21
845     20
846     20
847     20
848     19
849     20
850     19
851     19
852     18
853     18
854     17
855     17
856     15
857     15
858     14
859     14
860     12
861     11
862     10
863     8
864     8
865     6
866     6
867     4
868     2
869     2
870     1
871     -2
872     -2
873     -4
874     -5
875     -5
876     -7
877     -8
878     -10
879     -10
880     -11
881     -12
882     -13
883     -14
884     -15
885     -17
886     -17
887     -17
888     -18
889     -18
890     -20
891     -19
892     -19
893     -20
894     -19
895     -20
896     -21
897     -21
898     -21
899     -20
900     -20
901     -20
902     -19
903     -19
904     -19
905     -18
906     -18
907     -16
908     -15
909     -15
910     -15
911     -13
912     -12
913     -11
914     -10
915     -9
916     -8
917     -7
918     -6
919     -4
920     -4
921     -3
922     -1
923     0
924     2
925     3
926     3
927     5
928     6
929     8
930     8
931     10
932     10
933     11
934     13
935     13
936     15
937     15
938     16
939     17
940     17
941     18
942     19
943     18
944     20
945     20
946     20
947     20
948     20
949     20
950     20
951     20
952     20
953     19
954     20
955     19
956     18
957     18
958     18
959     16
960     16
961     15
962     14
963     13
964     13
965     12
966     11
967     10
968     8
969     7
970     6
971     5
972     4
973     2
974     1
975     0
976     -1
977     -3
978     -4
979     -4
980     -5
981     -7
982     -8
983     -10
984     -11
985     -11
986     -13
987     -14
988     -15
989     -15
990     -16
991     -17
992     -18
993     -18
994     -18
995     -19
996     -19
997     -19
998     -20
999     -20
1000     -21
1001     -21
1002     -21
1003     -21
1004     -20
1005     -20
1006     -20
1007     -19
1008     -19
1009     -18
1010     -18
1011     -17
1012     -17
1013     -15
1014     -15
1015     -15
1016     -13
1017     -12
1018     -11
1019     -11
1020     -9
1021     -8
1022     -7
1023     -5
1024     -5
1025     -4
1026     -2
1027     -1
1028     1
1029     2
1030     3
1031     4
1032     6
1033     5
1034     8
1035     9
1036     10
1037     11
1038     13
1039     13
1040     14
1041     15
1042     15
1043     16
1044     17
1045     18
1046     19
1047     20
1048     20
1049     19
1050     19
1051     20
1052     21
1053     20
1054     20
1055     20
1056     20
1057     20
1058     21
1059     19
1060     18
1061     18
1062     18
1063     17
1064     16
1065     16
1066     16
1067     14
1068     14
1069     12
1070     12
1071     10
1072     9
1073     7
1074     7
1075     6
1076     4
1077     4
1078     2
1079     0
1080     0
1081     -2
1082     -3
1083     -4
1084     -6
1085     -7
1086     -7
1087     -9
1088     -10
1089     -11
1090     -11
1091     -12
1092     -14
1093     -15
1094     -15
1095     -17
1096     -17
1097     -17
1098     -19
1099     -19
1100     -20
1101     -20
1102     -20
1103     -21
1104     -20
1105     -20
1106     -20
1107     -21
1108     -20
1109     -20
1110     -20
1111     -20
1112     -20
1113     -19
1114     -18
1115     -18
1116     -16
1117     -16
1118     -15
1119     -15
1120     -14
1121     -13
1122     -11
1123     -11
1124     -10
1125     -8
1126     -7
1127     -6
1128     -5
1129     -4
1130     -3
1131     -1
1132     0
1133     1
1134     2
1135     4
1136     5
1137     6
1138     6
1139     9
1140     9
1141     9
1142     11
1143     12
1144     13
1145     14
1146     15
1147     16
1148     16
1149     17
1150     18
1151     19
1152     19
1153     19
1154     20
1155     20
1156     19
1157     20
1158     21
1159     20
1160     21
1161     21
1162     20
1163     20
1164     19
1165     19
1166     19
1167     18
1168     18
1169     17
1170     15
1171     15
1172     14
1173     13
1174     13
1175     11
1176     10
1177     8
1178     7
1179     7
1180     5
1181     5
1182     3
1183     2
1184     1
1185     -1
1186     -1
1187     -3
1188     -5
1189     -5
1190     -7
1191     -8
1192     -9
1193     -11
1194     -11
1195     -13
1196     -13
1197     -13
1198     -15
1199     -16
1200     -17
1201     -17
1202     -18
1203     -18
1204     -19
1205     -19
1206     -20
1207     -19
1208     -20
1209     -21
1210     -21
1211     -20
1212     -21
1213     -20
1214     -20
1215     -21
1216     -20
1217     -19
1218     -18
1219     -18
1220     -17
1221     -17
1222     -16
1223     -15
1224     -15
1225     -13
1226     -13
1227     -12
1228     -11
1229     -9
1230     -8
1231     -7
1232     -7
1233     -5
1234     -4
1235     -3
1236     0
1237     1
1238     1
1239     3
1240     4
1241     4
1242     6
1243     7
1244     8
1245     9
1246     10
1247     12
1248     13
1249     14
1250     14
1251     15
1252     15
1253     16
1254     18
1255     18
1256     18
1257     19
1258     20
1259     20
1260     20
1261     20
1262     20
1263     20
1264     21
1265     20
1266     20
1267     20
1268     20
1269     19
1270     19
1271     18
1272     17
1273     17
1274     16
1275     15
1276     14
1277     14
1278     12
1279     12
1280     10
1281     10
1282     9
1283     8
1284     6
1285     6
1286     5
1287     3
1288     2
1289     0
1290     -1
1291     -3
1292     -3
1293     -5
1294     -6
1295     -6
1296     -8
1297     -10
1298     -10
1299     -11
1300     -12
1301     -13
1302     -15
1303     -15
1304     -17
1305     -17
1306     -17
1307     -17
1308     -18
1309     -19
1310     -19
1311     -20
1312     -20
1313     -20
1314     -20
1315     -21
1316     -20
1317     -20
1318     -21
1319     -20
1320     -20
1321     -18
1322     -20
1323     -19
1324     -18
1325     -16
1326     -17
1327     -16
1328     -15
1329     -14
1330     -14
1331     -12
1332     -11
1333     -10
1334     -9
1335     -8
1336     -8
1337     -5
1338     -5
1339     -3
1340     -2
1341     -1
1342     1
1343     2
1344     3
1345     4
1346     6
1347     6
1348     8
1349     8
1350     10
1351     11
1352     12
1353     13
1354     14
1355     15
1356     15
1357     16
1358     17
1359     18
1360     18
1361     18
1362     19
1363     19
1364     19
1365     20
1366     21
1367     20
1368     21
1369     21
1370     20
1371     20
1372     20
1373     19
1374     19
1375     19
1376     18
1377     18
1378     17
1379     17
1380     15
1381     14
1382     13
1383     12
1384     11
1385     11
1386     9
1387     9
1388     8
1389     6
1390     4
1391     3
1392     2
1393     2
1394     0
1395     -1
1396     -3
1397     -4
1398     -5
1399     -7
1400     -7
1401     -8
1402     -10
1403     -11
1404     -11
1405     -13
1406     -14
1407     -14
1408     -15
1409     -15
1410     -18
1411     -17
1412     -18
1413     -19
1414     -19
1415     -20
1416     -20
1417     -20
1418     -20
1419     -20
1420     -20
1421     -21
1422     -21
1423     -20
1424     -20
1425     -19
1426     -19
1427     -18
1428     -19
1429     -18
1430     -17
1431     -17
1432     -16
1433     -16
1434     -14
1435     -13
1436     -12
1437     -11
1438     -10
1439     -10
1440     -8
1441     -6
1442     -6
1443     -5
1444     -3
1445     -2
1446     -1
1447     1
1448     2
1449     2
1450     4
1451     6
1452     6
1453     8
1454     9
1455     10
1456     11
1457     12
1458     14
1459     14
1460     15
1461     16
1462     17
1463     17
1464     18
1465     19
1466     19
1467     19
1468     20
1469     20
1470     20
1471     21
1472     21
1473     21
1474     20
1475     19
1476     20
1477     20
1478     19
1479     18
1480     18
1481     17
1482     17
1483     16
1484     16
1485     15
1486     14
1487     13
1488     12
1489     11
1490     10
1491     9
1492     8
1493     6
1494     6
1495     5
1496     4
1497     2
1498     0
1499     0
1500     -1
1501     -3
1502     -4
1503     -5
1504     -6
1505     -8
1506     -9
1507     -10
1508     -11
1509     -12
1510     -13
1511     -14
1512     -14
1513     -15
1514     -17
1515     -17
1516     -18
1517     -19
1518     -18
1519     -19
1520     -20
1521     -20
1522     -20
1523     -20
1524     -21
1525     -21
1526     -21
1527     -20
1528     -20
1529     -20
1530     -19
1531     -19
1532     -19
1533     -18
1534     -19
1535     -17
1536     -17
1537     -15
1538     -14
1539     -14
1540     -13
1541     -12
1542     -11
1543     -10
1544     -9
1545     -8
1546     -6
1547     -5
1548     -4
1549     -3
1550     -2
1551     0
1552     1
1553     2
1554     4
1555     4
1556     6
1557     6
1558     7
1559     8
1560     10
1561     12
1562     12
1563     13
1564     14
1565     15
1566     16
1567     16
1568     17
1569     19
1570     18
1571     19
1572     20
1573     20
1574     20
1575     20
1576     20
1577     21
1578     20
1579     21
1580     21
1581     20
1582     19
1583     19
1584     19
1585     18
1586     17
1587     18
1588     16
1589     16
1590     14
1591     14
1592     14
1593     12
1594     11
1595     10
1596     8
1597     8
1598     7
1599     6
1600     4
1601     3
1602     2
1603     1
1604     0
1605     -2
1606     -3
1607     -4
1608     -5
1609     -7
1610     -7
1611     -9
1612     -10
1613     -11
1614     -12
1615     -13
1616     -14
1617     -15
1618     -16
1619     -17
1620     -17
1621     -18
1622     -19
1623     -19
1624     -19
1625     -20
1626     -20
1627     -20
1628     -21
1629     -20
1630     -21
1631     -21
1632     -21
1633     -21
1634     -20
1635     -20
1636     -19
1637     -19
1638     -18
1639     -18
1640     -17
1641     -16
1642     -15
1643     -15
1644     -13
1645     -12
1646     -11
1647     -11
1648     -10
1649     -8
1650     -7
1651     -6
1652     -6
1653     -4
1654     -3
1655     -1
1656     0
1657     1
1658     2
1659     4
1660     5
1661     5
1662     7
1663     8
1664     9
1665     10
1666     11
1667     12
1668     13
1669     14
1670     15
1671     16
1672     17
1673     17
1674     18
1675     19
1676     19
1677     20
1678     20
1679     21
1680     21
1681     20
1682     21
1683     20
1684     20
1685     20
1686     20
1687     19
1688     18
1689     18
1690     17
1691     17
1692     17
1693     17
1694     16
1695     15
1696     14
1697     12
1698     11
1699     11
1700     10
1701     9
1702     7
1703     6
1704     5
1705     4
1706     3
1707     2
1708     1
1709     -2
1710     -2
1711     -3
1712     -4
1713     -6
1714     -7
1715     -8
1716     -9
1717     -10
1718     -11
1719     -12
1720     -14
1721     -14
1722     -15
1723     -17
1724     -17
1725     -17
1726     -18
1727     -19
1728     -19
1729     -19
1730     -19
1731     -20
1732     -21
1733     -21
1734     -21
1735     -21
1736     -20
1737     -21
1738     -20
1739     -21
1740     -20
1741     -19
1742     -19
1743     -18
1744     -18
1745     -17
1746     -16
1747     -15
1748     -13
1749     -13
1750     -12
1751     -12
1752     -11
1753     -9
1754     -8
1755     -7
1756     -6
1757     -5
1758     -3
1759     -2
1760     -1
1761     0
1762     1
1763     3
1764     4
1765     5
1766     6
1767     8
1768     8
1769     9
1770     11
1771     12
1772     13
1773     14
1774     15
1775     16
1776     16
1777     18
1778     18
1779     17
1780     18
1781     19
1782     20
1783     20
1784     19
1785     21
1786     20
1787     21
1788     21
1789     21
1790     20
1791     19
1792     20
1793     19
1794     19
1795     18
1796     17
1797     17
1798     16
1799     15
1800     14
1801     13
1802     13
1803     12
1804     10
1805     9
1806     9
1807     7
1808     6
1809     5
1810     3
1811     3
1812     1
1813     0
1814     -1
1815     -1
1816     -4
1817     -4
1818     -6
1819     -8
1820     -8
1821     -9
1822     -11
1823     -11
1824     -12
1825     -14
1826     -15
1827     -15
1828     -16
1829     -17
1830     -18
1831     -18
1832     -19
1833     -20
1834     -21
1835     -20
1836     -20
1837     -21
1838     -21
1839     -20
1840     -21
1841     -20
1842     -21
1843     -20
1844     -20
1845     -19
1846     -19
1847     -19
1848     -18
1849     -17
1850     -17
1851     -16
1852     -15
1853     -14
1854     -12
1855     -13
1856     -12
1857     -9
1858     -9
1859     -8
1860     -6
1861     -6
1862     -4
1863     -3
1864     -2
1865     0
1866     0
1867     2
1868     3
1869     4
1870     6
1871     7
1872     8
1873     9
1874     10
1875     11
1876     12
1877     13
1878     14
1879     15
1880     16
1881     16
1882     16
1883     18
1884     17
1885     19
1886     20
1887     20
1888     20
1889     20
1890     20
1891     20
1892     20
1893     20
1894     21
1895     20
1896     19
1897     19
1898     19
1899     19
1900     18
1901     17
1902     17
1903     16
1904     15
1905     14
1906     14
1907     12
1908     11
1909     10
1910     9
1911     8
1912     7
1913     5
1914     5
1915     4
1916     2
1917     0
1918     0
1919     -2
1920     -3
1921     -4
1922     -5
1923     -6
1924     -8
1925     -9
1926     -10
1927     -11
1928     -12
1929     -13
1930     -14
1931     -14
1932     -16
1933     -17
1934     -17
1935     -17
1936     -18
1937     -18
1938     -19
1939     -19
1940     -20
1941     -20
1942     -20
1943     -20
1944     -20
1945     -21
1946     -20
1947     -21
1948     -21
1949     -20
1950     -20
1951     -18
1952     -18
1953     -18
1954     -17
1955     -16
1956     -15
1957     -15
1958     -13
1959     -13
1960     -12
1961     -11
1962     -10
1963     -8
1964     -7
1965     -6
1966     -5
1967     -3
1968     -3
1969     -1
1970     -1
1971     1
1972     2
1973     3
1974     5
1975     6
1976     7
1977     8
1978     9
1979     10
1980     10
1981     12
1982     12
1983     14
1984     15
1985     16
1986     17
1987     18
1988     19
1989     19
1990     19
1991     20
1992     19
1993     21
1994     20
1995     21
1996     20
1997     20
1998     20
1999     20
2000     20
2001     20
2002     19
2003     19
2004     19
2005     18
2006     16
2007     16
2008     16
2009     14
2010     14
2011     14
2012     12
2013     10
2014     10
2015     8
2016     7
2017     6
2018     5
2019     4
2020     3
2021     2
2022     0
2023     0
2024     -2
2025     -3
2026     -5
2027     -6
2028     -6
2029     -8
2030     -10
2031     -11
2032     -11
2033     -12
2034     -13
2035     -14
2036     -15
2037     -17
2038     -17
2039     -17
2040     -18
2041     -19
2042     -19
2043     -19
2044     -20
2045     -20
2046     -19
2047     -21
2048     -21
2049     -21
2050     -21
2051     -20
2052     -21
2053     -20
2054     -19
2055     -19
2056     -18
2057     -18
2058     -18
2059     -16
2060     -16
2061     -15
2062     -14
2063     -14
2064     -13
2065     -11
2066     -11
2067     -10
2068     -8
2069     -8
2070     -6
2071     -5
2072     -4
2073     -2
2074     -1
2075     0
2076     2
2077     2
2078     4
2079     4
2080     5
2081     7
2082     8
2083     9
2084     10
2085     11
2086     14
2087     13
2088     15
2089     16
2090     17
2091     17
2092     18
2093     18
2094     18
2095     19
2096     19
2097     20
2098     20
2099     20
2100     21
2101     20
2102     20
2103     20
2104     20
2105     20
2106     19
2107     19
2108     18
2109     18
2110     18
2111     17
2112     17
2113     15
2114     15
2115     14
2116     13
2117     11
2118     11
2119     10
2120     8
2121     7
2122     6
2123     5
2124     4
2125     3
2126     1
2127     0
2128     -1
2129     -2
2130     -3
2131     -5
2132     -6
2133     -6
2134     -8
2135     -9
2136     -10
2137     -12
2138     -13
2139     -13
2140     -13
2141     -16
2142     -16
2143     -16
2144     -18
2145     -18
2146     -18
2147     -19
2148     -19
2149     -20
2150     -20
2151     -20
2152     -20
2153     -20
2154     -21
2155     -20
2156     -21
2157     -20
2158     -20
2159     -20
2160     -19
2161     -18
2162     -18
2163     -18
2164     -17
2165     -16
2166     -15
2167     -14
2168     -13
2169     -12
2170     -12
2171     -10
2172     -9
2173     -7
2174     -8
2175     -5
2176     -4
2177     -4
2178     -3
2179     -1
2180     1
2181     2
2182     2
2183     4
2184     6
2185     7
2186     7
2187     9
2188     10
2189     10
2190     11
2191     13
2192     14
2193     15
2194     16
2195     16
2196     17
2197     18
2198     18
2199     19
2200     19
2201     20
2202     20
2203     21
2204     20
2205     20
