1     -13
2     -12
3     -11
4     -8
5     -7
6     -6
7     -4
8     -3
9     -1
10     1
11     3
12     4
13     5
14     7
15     9
16     11
17     12
18     13
19     14
20     16
21     16
22     17
23     18
24     19
25     20
26     20
27     20
28     21
29     20
30     21
31     20
32     20
33     19
34     20
35     18
36     17
37     17
38     16
39     14
40     13
41     12
42     11
43     10
44     7
45     7
46     5
47     3
48     1
49     -1
50     -2
51     -3
52     -5
53     -7
54     -9
55     -10
56     -12
57     -12
58     -14
59     -15
60     -16
61     -16
62     -18
63     -19
64     -20
65     -20
66     -19
67     -20
68     -21
69     -21
70     -20
71     -20
72     -19
73     -19
74     -18
75     -17
76     -17
77     -16
78     -15
79     -13
80     -12
81     -11
82     -9
83     -8
84     -6
85     -5
86     -3
87     -1
88     1
89     1
90     3
91     5
92     6
93     8
94     10
95     11
96     12
97     14
98     15
99     16
100     17
101     17
102     18
103     19
104     20
105     20
106     21
107     21
108     21
109     20
110     20
111     20
112     20
113     19
114     18
115     16
116     16
117     15
118     14
119     13
120     11
121     9
122     9
123     7
124     6
125     3
126     2
127     0
128     -2
129     -3
130     -4
131     -6
132     -7
133     -9
134     -10
135     -12
136     -13
137     -15
138     -16
139     -17
140     -18
141     -18
142     -19
143     -20
144     -20
145     -21
146     -20
147     -21
148     -20
149     -21
150     -20
151     -19
152     -19
153     -18
154     -17
155     -17
156     -14
157     -14
158     -13
159     -11
160     -10
161     -9
162     -7
163     -6
164     -4
165     -2
166     0
167     1
168     2
169     3
170     6
171     7
172     9
173     11
174     12
175     13
176     15
177     16
178     17
179     18
180     18
181     18
182     20
183     20
184     21
185     21
186     21
187     21
188     20
189     20
190     20
191     19
192     18
193     17
194     17
195     15
196     15
197     14
198     11
199     11
200     9
201     8
202     6
203     4
204     3
205     1
206     -2
207     -2
208     -4
209     -6
210     -7
211     -8
212     -10
213     -12
214     -13
215     -14
216     -15
217     -16
218     -17
219     -18
220     -19
221     -20
222     -19
223     -20
224     -20
225     -21
226     -20
227     -20
228     -20
229     -19
230     -19
231     -19
232     -18
233     -17
234     -16
235     -15
236     -13
237     -12
238     -11
239     -9
240     -8
241     -7
242     -4
243     -3
244     -2
245     -1
246     2
247     4
248     6
249     7
250     8
251     9
252     11
253     13
254     15
255     15
256     16
257     17
258     18
259     21
260     20
261     20
262     20
263     19
264     19
265     17
266     17
267     16
268     16
269     13
270     14
271     8
272     2
273     9
274     4
275     4
276     2
277     1
278     -1
279     -2
280     -5
281     -6
282     -8
283     -9
284     -11
285     -11
286     -13
287     -14
288     -15
289     -16
290     -17
291     -18
292     -19
293     -19
294     -20
295     -20
296     -20
297     -20
298     -20
299     -20
300     -20
301     -19
302     -18
303     -18
304     -17
305     -17
306     -15
307     -14
308     -13
309     -12
310     -10
311     -9
312     -7
313     -6
314     -5
315     -3
316     -1
317     1
318     2
319     3
320     6
321     7
322     9
323     10
324     12
325     13
326     15
327     15
328     16
329     17
330     18
331     18
332     20
333     20
334     20
335     20
336     20
337     20
338     20
339     20
340     20
341     19
342     18
343     18
344     18
345     16
346     15
347     13
348     11
349     11
350     10
351     8
352     6
353     5
354     3
355     2
356     0
357     -1
358     -3
359     -5
360     -7
361     -8
362     -9
363     -12
364     -12
365     -14
366     -15
367     -16
368     -18
369     -18
370     -19
371     -18
372     -20
373     -20
374     -21
375     -21
376     -20
377     -20
378     -20
379     -19
380     -19
381     -19
382     -18
383     -17
384     -16
385     -15
386     -13
387     -13
388     -11
389     -9
390     -9
391     -6
392     -5
393     -3
394     -2
395     0
396     2
397     4
398     5
399     7
400     8
401     10
402     11
403     13
404     14
405     15
406     15
407     17
408     18
409     18
410     19
411     20
412     21
413     20
414     21
415     21
416     20
417     21
418     20
419     19
420     19
421     18
422     16
423     16
424     14
425     14
426     13
427     11
428     10
429     9
430     6
431     5
432     4
433     2
434     1
435     -2
436     -3
437     -4
438     -6
439     -7
440     -9
441     -11
442     -12
443     -14
444     -15
445     -15
446     -17
447     -18
448     -18
449     -19
450     -19
451     -20
452     -21
453     -20
454     -21
455     -20
456     -20
457     -21
458     -19
459     -19
460     -18
461     -17
462     -17
463     -15
464     -14
465     -13
466     -11
467     -10
468     -9
469     -7
470     -6
471     -4
472     -2
473     -1
474     0
475     2
476     5
477     5
478     7
479     8
480     10
481     11
482     13
483     14
484     15
485     16
486     17
487     18
488     19
489     20
490     20
491     19
492     20
493     21
494     20
495     21
496     20
497     19
498     19
499     18
500     17
501     17
502     16
503     15
504     14
505     12
506     11
507     9
508     8
509     7
510     4
511     3
512     1
513     -1
514     -2
515     -4
516     -5
517     -7
518     -9
519     -10
520     -12
521     -12
522     -14
523     -16
524     -16
525     -17
526     -18
527     -18
528     -20
529     -20
530     -21
531     -20
532     -20
533     -20
534     -20
535     -20
536     -20
537     -19
538     -18
539     -18
540     -17
541     -16
542     -14
543     -13
544     -12
545     -11
546     -10
547     -9
548     -6
549     -5
550     -4
551     -2
552     0
553     2
554     4
555     5
556     6
557     8
558     10
559     11
560     12
561     13
562     14
563     15
564     17
565     18
566     19
567     19
568     19
569     20
570     20
571     21
572     21
573     20
574     20
575     21
576     19
577     19
578     18
579     17
580     16
581     14
582     14
583     13
584     11
585     9
586     8
587     6
588     4
589     4
590     2
591     0
592     -2
593     -2
594     -4
595     -6
596     -8
597     -9
598     -11
599     -11
600     -14
601     -14
602     -16
603     -17
604     -17
605     -18
606     -19
607     -20
608     -20
609     -20
610     -21
611     -21
612     -20
613     -20
614     -20
615     -20
616     -19
617     -18
618     -17
619     -17
620     -15
621     -13
622     -12
623     -12
624     -10
625     -9
626     -8
627     -6
628     -4
629     -3
630     0
631     1
632     2
633     4
634     6
635     8
636     9
637     10
638     11
639     12
640     14
641     15
642     17
643     18
644     18
645     20
646     19
647     20
648     20
649     21
650     20
651     21
652     21
653     20
654     20
655     19
656     19
657     17
658     16
659     16
660     15
661     12
662     12
663     11
664     9
665     7
666     6
667     4
668     4
669     1
670     -1
671     -3
672     -3
673     -5
674     -7
675     -8
676     -10
677     -11
678     -12
679     -14
680     -15
681     -15
682     -17
683     -18
684     -19
685     -19
686     -19
687     -20
688     -21
689     -20
690     -20
691     -21
692     -20
693     -19
694     -19
695     -18
696     -18
697     -16
698     -17
699     -15
700     -14
701     -12
702     -11
703     -10
704     -8
705     -6
706     -5
707     -3
708     -2
709     0
710     2
711     3
712     5
713     7
714     8
715     10
716     11
717     12
718     14
719     15
720     16
721     17
722     18
723     18
724     20
725     20
726     21
727     21
728     20
729     20
730     21
731     20
732     19
733     19
734     18
735     18
736     17
737     16
738     15
739     13
740     13
741     11
742     10
743     8
744     7
745     5
746     4
747     1
748     0
749     -2
750     -3
751     -4
752     -6
753     -8
754     -9
755     -11
756     -12
757     -13
758     -14
759     -16
760     -17
761     -18
762     -18
763     -19
764     -20
765     -20
766     -20
767     -20
768     -20
769     -20
770     -20
771     -20
772     -20
773     -19
774     -18
775     -17
776     -16
777     -15
778     -14
779     -13
780     -12
781     -10
782     -8
783     -7
784     -6
785     -4
786     -2
787     0
788     1
789     3
790     4
791     6
792     7
793     9
794     10
795     11
796     13
797     15
798     15
799     16
800     17
801     18
802     18
803     19
804     20
805     20
806     21
807     20
808     20
809     20
810     19
811     20
812     19
813     17
814     17
815     17
816     16
817     14
818     13
819     12
820     10
821     8
822     8
823     6
824     5
825     2
826     2
827     0
828     -2
829     -4
830     -6
831     -6
832     -8
833     -11
834     -11
835     -12
836     -14
837     -15
838     -16
839     -17
840     -17
841     -18
842     -19
843     -20
844     -20
845     -20
846     -20
847     -20
848     -20
849     -20
850     -19
851     -19
852     -19
853     -18
854     -17
855     -16
856     -15
857     -13
858     -13
859     -10
860     -9
861     -8
862     -6
863     -4
864     -3
865     -1
866     0
867     2
868     4
869     6
870     6
871     8
872     10
873     11
874     13
875     14
876     15
877     16
878     17
879     18
880     19
881     19
882     20
883     20
884     21
885     21
886     21
887     21
888     20
889     20
890     19
891     19
892     17
893     16
894     16
895     15
896     13
897     11
898     11
899     9
900     7
901     6
902     6
903     3
904     2
905     0
906     -2
907     -3
908     -5
909     -5
910     -8
911     -9
912     -11
913     -11
914     -14
915     -14
916     -15
917     -17
918     -17
919     -18
920     -18
921     -20
922     -20
923     -20
924     -20
925     -20
926     -20
927     -20
928     -20
929     -19
930     -18
931     -18
932     -16
933     -16
934     -15
935     -15
936     -13
937     -12
938     -10
939     -8
940     -7
941     -6
942     -4
943     -2
944     -1
945     2
946     3
947     4
948     6
949     8
950     9
951     11
952     12
953     13
954     14
955     15
956     16
957     17
958     18
959     19
960     19
961     20
962     20
963     20
964     21
965     20
966     20
967     19
968     19
969     18
970     18
971     17
972     16
973     15
974     14
975     13
976     12
977     10
978     9
979     8
980     6
981     5
982     2
983     0
984     -1
985     -2
986     -4
987     -7
988     -8
989     -9
990     -9
991     -11
992     -13
993     -14
994     -15
995     -16
996     -18
997     -18
998     -19
999     -19
1000     -20
1001     -20
1002     -21
1003     -21
1004     -21
1005     -20
1006     -20
1007     -19
1008     -19
1009     -18
1010     -17
1011     -17
1012     -15
1013     -15
1014     -13
1015     -12
1016     -11
1017     -8
1018     -8
1019     -6
1020     -5
1021     -3
1022     -2
1023     0
1024     2
1025     3
1026     5
1027     7
1028     9
1029     10
1030     12
1031     13
1032     13
1033     15
1034     16
1035     17
1036     18
1037     18
1038     19
1039     20
1040     20
1041     21
1042     21
1043     21
1044     20
1045     20
1046     20
1047     20
1048     18
1049     18
1050     17
1051     16
1052     15
1053     14
1054     13
1055     10
1056     10
1057     9
1058     6
1059     5
1060     4
1061     1
1062     -1
1063     -2
1064     -3
1065     -4
1066     -6
1067     -8
1068     -9
1069     -11
1070     -12
1071     -14
1072     -15
1073     -16
1074     -17
1075     -18
1076     -19
1077     -19
1078     -20
1079     -21
1080     -21
1081     -20
1082     -20
1083     -19
1084     -20
1085     -19
1086     -20
1087     -19
1088     -18
1089     -17
1090     -16
1091     -15
1092     -14
1093     -12
1094     -11
1095     -10
1096     -9
1097     -7
1098     -5
1099     -4
1100     -2
1101     0
1102     1
1103     2
1104     4
1105     6
1106     8
1107     9
1108     11
1109     12
1110     14
1111     14
1112     16
1113     17
1114     17
1115     17
1116     19
1117     20
1118     20
1119     19
1120     21
1121     20
1122     21
1123     20
1124     20
1125     19
1126     18
1127     18
1128     17
1129     16
1130     15
1131     14
1132     13
1133     11
1134     10
1135     8
1136     7
1137     6
1138     4
1139     2
1140     1
1141     0
1142     -3
1143     -4
1144     -6
1145     -7
1146     -8
1147     -11
1148     -12
1149     -13
1150     -14
1151     -15
1152     -16
1153     -17
1154     -18
1155     -19
1156     -19
1157     -21
1158     -20
1159     -20
1160     -20
1161     -20
1162     -20
1163     -20
1164     -20
1165     -19
1166     -18
1167     -18
1168     -17
1169     -16
1170     -14
1171     -14
1172     -13
1173     -10
1174     -9
1175     -7
1176     -6
1177     -4
1178     -3
1179     -1
1180     1
1181     2
1182     3
1183     6
1184     7
1185     8
1186     11
1187     12
1188     12
1189     14
1190     15
1191     16
1192     17
1193     18
1194     18
1195     19
1196     19
1197     19
1198     20
1199     21
1200     20
1201     21
1202     20
1203     19
1204     19
1205     18
1206     18
1207     18
1208     15
1209     15
1210     14
1211     12
1212     10
1213     10
1214     8
1215     7
1216     5
1217     3
1218     1
1219     0
1220     -1
1221     -3
1222     -5
1223     -8
1224     -7
1225     -11
1226     -11
1227     -12
1228     -13
1229     -14
1230     -16
1231     -18
1232     -18
1233     -19
1234     -19
1235     -20
1236     -21
1237     -20
1238     -20
1239     -21
1240     -20
1241     -20
1242     -20
1243     -21
1244     -19
1245     -18
1246     -17
1247     -16
1248     -15
1249     -13
1250     -12
1251     -11
1252     -11
1253     -9
1254     -7
1255     -6
1256     -4
1257     -2
1258     0
1259     2
1260     2
1261     4
1262     6
1263     8
1264     9
1265     10
1266     11
1267     13
1268     15
1269     15
1270     16
1271     18
1272     18
1273     18
1274     20
1275     19
1276     21
1277     21
1278     20
1279     21
1280     20
1281     20
1282     20
1283     19
1284     17
1285     17
1286     17
1287     16
1288     14
1289     14
1290     12
1291     10
1292     8
1293     6
1294     6
1295     5
1296     2
1297     0
1298     -1
1299     -3
1300     -4
1301     -6
1302     -7
1303     -8
1304     -10
1305     -11
1306     -13
1307     -14
1308     -14
1309     -16
1310     -18
1311     -18
1312     -18
1313     -19
1314     -20
1315     -20
1316     -21
1317     -20
1318     -20
1319     -21
1320     -20
1321     -19
1322     -20
1323     -19
1324     -17
1325     -16
1326     -15
1327     -14
1328     -12
1329     -11
1330     -10
1331     -10
1332     -8
1333     -7
1334     -5
1335     -2
1336     -1
1337     1
1338     3
1339     4
1340     5
1341     6
1342     8
1343     10
1344     11
1345     12
1346     15
1347     15
1348     16
1349     18
1350     18
1351     19
1352     19
1353     20
1354     20
1355     20
1356     20
1357     20
1358     20
1359     20
1360     19
1361     19
1362     19
1363     18
1364     18
1365     16
1366     14
1367     13
1368     12
1369     11
1370     9
1371     8
1372     7
1373     5
1374     3
1375     1
1376     0
1377     -2
1378     -3
1379     -5
1380     -6
1381     -7
1382     -11
1383     -11
1384     -13
1385     -14
1386     -14
1387     -16
1388     -17
1389     -18
1390     -19
1391     -18
1392     -19
1393     -20
1394     -20
1395     -20
1396     -20
1397     -20
1398     -20
1399     -20
1400     -19
1401     -18
1402     -18
1403     -17
1404     -17
1405     -15
1406     -14
1407     -13
1408     -11
1409     -9
1410     -8
1411     -6
1412     -5
1413     -4
1414     -2
1415     -1
1416     1
1417     3
1418     5
1419     6
1420     7
1421     10
1422     10
1423     12
1424     14
1425     15
1426     16
1427     17
1428     17
1429     18
1430     19
1431     19
1432     20
1433     20
1434     20
1435     21
1436     20
1437     20
1438     19
1439     19
1440     19
1441     18
1442     17
1443     16
1444     15
1445     14
1446     13
1447     12
1448     10
1449     9
1450     7
1451     5
1452     3
1453     2
1454     1
1455     -2
1456     -3
1457     -4
1458     -6
1459     -7
1460     -9
1461     -11
1462     -11
1463     -14
1464     -14
1465     -15
1466     -17
1467     -18
1468     -18
1469     -19
1470     -19
1471     -20
1472     -21
1473     -21
1474     -21
1475     -20
1476     -21
1477     -20
1478     -19
1479     -20
1480     -18
1481     -17
1482     -17
1483     -16
1484     -14
1485     -13
1486     -12
1487     -10
1488     -8
1489     -8
1490     -6
1491     -5
1492     -2
1493     -1
1494     0
1495     3
1496     5
1497     6
1498     7
1499     8
1500     10
1501     11
1502     13
1503     14
1504     15
1505     15
1506     17
1507     18
1508     19
1509     18
1510     21
1511     20
1512     20
1513     20
1514     21
1515     21
1516     21
1517     19
1518     19
1519     19
1520     18
1521     16
1522     16
1523     15
1524     13
1525     11
1526     11
1527     10
1528     8
1529     7
1530     4
1531     3
1532     1
1533     0
1534     -2
1535     -3
1536     -5
1537     -7
1538     -8
1539     -10
1540     -11
1541     -11
1542     -13
1543     -15
1544     -16
1545     -17
1546     -18
1547     -19
1548     -19
1549     -20
1550     -21
1551     -20
1552     -20
1553     -20
1554     -19
1555     -20
1556     -19
1557     -19
1558     -19
1559     -18
1560     -16
1561     -16
1562     -15
1563     -14
1564     -13
1565     -11
1566     -10
1567     -8
1568     -7
1569     -5
1570     -3
1571     -2
1572     1
1573     2
1574     3
1575     4
1576     6
1577     8
1578     10
1579     11
1580     12
1581     14
1582     15
1583     15
1584     16
1585     17
1586     18
1587     19
1588     19
1589     20
1590     20
1591     21
1592     20
1593     21
1594     20
1595     21
1596     19
1597     19
1598     18
1599     17
1600     16
1601     15
1602     14
1603     13
1604     12
1605     9
1606     9
1607     7
1608     6
1609     4
1610     2
1611     0
1612     -1
1613     -2
1614     -4
1615     -6
1616     -7
1617     -10
1618     -11
1619     -12
1620     -13
1621     -14
1622     -16
1623     -17
1624     -18
1625     -18
1626     -18
1627     -20
1628     -20
1629     -20
1630     -21
1631     -20
1632     -20
1633     -19
1634     -20
1635     -20
1636     -19
1637     -18
1638     -18
1639     -16
1640     -15
1641     -14
1642     -13
1643     -12
1644     -11
1645     -9
1646     -7
1647     -5
1648     -4
1649     -2
1650     -1
1651     1
1652     2
1653     4
1654     6
1655     7
1656     9
1657     10
1658     11
1659     13
1660     14
1661     15
1662     16
1663     17
1664     19
1665     19
1666     18
1667     20
1668     20
1669     20
1670     20
1671     21
1672     20
1673     20
1674     20
1675     19
1676     19
1677     19
1678     17
1679     16
1680     15
1681     13
1682     11
1683     10
1684     10
1685     7
1686     6
1687     5
1688     3
1689     1
1690     0
1691     -3
1692     -4
1693     -5
1694     -7
1695     -8
1696     -9
1697     -11
1698     -12
1699     -14
1700     -15
1701     -16
1702     -16
1703     -18
1704     -18
1705     -20
1706     -20
1707     -20
1708     -20
1709     -20
1710     -20
1711     -20
1712     -20
1713     -19
1714     -18
1715     -18
1716     -17
1717     -17
1718     -16
1719     -14
1720     -14
1721     -12
1722     -11
1723     -9
1724     -7
1725     -6
1726     -4
1727     -3
1728     -2
1729     1
1730     2
1731     3
1732     6
1733     6
1734     7
1735     9
1736     11
1737     12
1738     14
1739     14
1740     16
1741     17
1742     18
1743     19
1744     18
1745     20
1746     20
1747     20
1748     20
1749     21
1750     20
1751     20
1752     20
1753     21
1754     19
1755     19
1756     17
1757     17
1758     14
1759     13
1760     13
1761     12
1762     10
1763     9
1764     7
1765     5
1766     4
1767     1
1768     1
1769     -1
1770     -3
1771     -4
1772     -6
1773     -8
1774     -9
1775     -11
1776     -12
1777     -13
1778     -15
1779     -16
1780     -16
1781     -18
1782     -19
1783     -19
1784     -20
1785     -19
1786     -21
1787     -20
1788     -21
1789     -21
1790     -20
1791     -20
1792     -20
1793     -19
1794     -19
1795     -17
1796     -17
1797     -15
1798     -14
1799     -13
1800     -10
1801     -11
1802     -9
1803     -7
1804     -4
1805     -4
1806     -2
1807     -1
1808     0
1809     2
1810     4
1811     5
1812     7
1813     9
1814     10
1815     12
1816     13
1817     14
1818     15
1819     16
1820     17
1821     18
1822     19
1823     19
1824     20
1825     20
1826     21
1827     21
1828     21
1829     21
1830     20
1831     20
1832     19
1833     18
1834     18
1835     16
1836     15
1837     15
1838     13
1839     12
1840     10
1841     8
1842     8
1843     5
1844     3
1845     3
1846     1
1847     0
1848     -2
1849     -4
1850     -5
1851     -7
1852     -8
1853     -9
1854     -10
1855     -12
1856     -14
1857     -15
1858     -16
1859     -17
1860     -18
1861     -19
1862     -19
1863     -20
1864     -20
1865     -21
1866     -21
1867     -21
1868     -21
1869     -19
1870     -19
1871     -19
1872     -17
1873     -18
1874     -18
1875     -15
1876     -15
1877     -14
1878     -13
1879     -10
1880     -9
1881     -8
1882     -6
1883     -5
1884     -3
1885     -2
1886     0
1887     1
1888     3
1889     5
1890     6
1891     8
1892     10
1893     11
1894     12
1895     14
1896     15
1897     16
1898     16
1899     17
1900     18
1901     19
1902     20
1903     20
1904     21
1905     20
1906     20
1907     20
1908     21
1909     20
1910     19
1911     19
1912     18
1913     17
1914     16
1915     15
1916     14
1917     13
1918     11
1919     10
1920     8
1921     7
1922     6
1923     4
1924     3
1925     0
1926     -1
1927     -3
1928     -4
1929     -6
1930     -7
1931     -9
1932     -10
1933     -11
1934     -14
1935     -14
1936     -15
1937     -17
1938     -17
1939     -18
1940     -19
1941     -20
1942     -20
1943     -20
1944     -21
1945     -20
1946     -20
1947     -20
1948     -20
1949     -19
1950     -18
1951     -18
1952     -17
1953     -15
1954     -15
1955     -13
1956     -12
1957     -11
1958     -10
1959     -9
1960     -8
1961     -5
1962     -4
1963     -1
1964     -1
1965     1
1966     3
1967     4
1968     6
1969     7
1970     9
1971     11
1972     12
1973     13
1974     15
1975     16
1976     16
1977     17
1978     19
1979     18
1980     19
1981     21
1982     21
1983     21
1984     21
1985     21
1986     20
1987     19
1988     19
1989     18
1990     18
1991     17
1992     17
1993     16
1994     14
1995     13
1996     12
1997     11
1998     10
1999     8
2000     6
2001     5
2002     3
2003     1
2004     0
2005     -2
2006     -3
2007     -6
2008     -7
2009     -8
2010     -9
2011     -11
2012     -13
2013     -14
2014     -15
2015     -16
2016     -18
2017     -18
2018     -19
2019     -19
2020     -20
2021     -20
2022     -20
2023     -20
2024     -21
2025     -20
2026     -20
2027     -19
2028     -19
2029     -18
2030     -17
2031     -17
2032     -15
2033     -15
2034     -14
2035     -12
2036     -10
2037     -9
2038     -7
2039     -6
2040     -4
2041     -3
2042     -2
2043     -1
2044     2
2045     4
2046     5
2047     6
2048     8
2049     10
2050     11
2051     13
2052     14
2053     15
2054     16
2055     17
2056     17
2057     18
2058     18
2059     19
2060     20
2061     20
2062     20
2063     20
2064     20
2065     21
2066     19
2067     19
2068     18
2069     17
2070     17
2071     16
2072     15
2073     14
2074     13
2075     11
2076     8
2077     7
2078     6
2079     5
2080     3
2081     2
2082     0
2083     -2
2084     -3
2085     -5
2086     -6
2087     -8
2088     -9
2089     -10
2090     -12
2091     -13
2092     -15
2093     -16
2094     -16
2095     -18
2096     -18
2097     -18
2098     -20
2099     -20
2100     -20
2101     -21
2102     -21
2103     -19
2104     -20
2105     -20
2106     -19
2107     -19
2108     -18
2109     -17
2110     -16
2111     -15
2112     -14
2113     -13
2114     -11
2115     -9
2116     -8
2117     -7
2118     -5
2119     -4
2120     -3
2121     0
2122     1
2123     3
2124     4
2125     6
2126     7
2127     8
2128     11
2129     12
2130     13
2131     15
2132     15
2133     17
2134     18
2135     18
2136     19
2137     19
2138     20
2139     20
2140     20
2141     20
2142     20
2143     20
2144     20
2145     19
2146     19
2147     18
2148     18
2149     17
2150     15
2151     15
2152     13
2153     11
2154     10
2155     9
2156     8
2157     6
2158     4
2159     3
2160     1
2161     0
2162     -3
2163     -4
2164     -5
2165     -7
2166     -8
2167     -10
2168     -12
2169     -13
2170     -15
2171     -15
2172     -16
2173     -17
2174     -17
2175     -19
2176     -20
2177     -21
2178     -20
2179     -20
2180     -20
2181     -20
2182     -20
2183     -21
2184     -20
2185     -20
2186     -18
2187     -18
2188     -16
2189     -16
2190     -15
2191     -13
2192     -13
2193     -10
2194     -9
2195     -8
2196     -5
2197     -5
2198     -3
2199     -1
2200     0
2201     2
2202     4
2203     5
2204     7
2205     8
