1     11
2     9
3     7
4     6
5     4
6     2
7     0
8     -2
9     -5
10     -6
11     -9
12     -11
13     -12
14     -14
15     -15
16     -17
17     -17
18     -19
19     -20
20     -20
21     -20
22     -20
23     -21
24     -20
25     -19
26     -19
27     -18
28     -17
29     -16
30     -15
31     -13
32     -11
33     -11
34     -9
35     -7
36     -4
37     -2
38     -1
39     1
40     4
41     5
42     7
43     9
44     11
45     13
46     15
47     15
48     17
49     17
50     19
51     20
52     19
53     20
54     20
55     21
56     20
57     20
58     18
59     18
60     17
61     16
62     14
63     13
64     11
65     10
66     8
67     6
68     4
69     1
70     0
71     -3
72     -6
73     -7
74     -8
75     -10
76     -12
77     -14
78     -16
79     -16
80     -17
81     -19
82     -20
83     -20
84     -20
85     -21
86     -20
87     -20
88     -20
89     -19
90     -19
91     -18
92     -17
93     -15
94     -14
95     -12
96     -10
97     -9
98     -6
99     -4
100     -2
101     -1
102     2
103     4
104     6
105     7
106     9
107     11
108     14
109     14
110     16
111     17
112     18
113     20
114     20
115     20
116     21
117     20
118     20
119     20
120     19
121     19
122     17
123     17
124     16
125     15
126     13
127     11
128     10
129     7
130     6
131     3
132     1
133     -1
134     -3
135     -5
136     -8
137     -8
138     -11
139     -13
140     -15
141     -14
142     -17
143     -17
144     -19
145     -20
146     -20
147     -21
148     -20
149     -20
150     -20
151     -20
152     -18
153     -19
154     -16
155     -15
156     -15
157     -13
158     -12
159     -9
160     -8
161     -6
162     -4
163     -2
164     0
165     2
166     4
167     6
168     8
169     10
170     11
171     14
172     15
173     16
174     16
175     18
176     19
177     20
178     20
179     21
180     20
181     20
182     20
183     20
184     20
185     18
186     17
187     16
188     14
189     13
190     11
191     9
192     7
193     5
194     3
195     1
196     -1
197     -2
198     -5
199     -7
200     -9
201     -10
202     -12
203     -13
204     -15
205     -16
206     -18
207     -19
208     -19
209     -20
210     -21
211     -21
212     -20
213     -20
214     -19
215     -19
216     -18
217     -17
218     -16
219     -15
220     -13
221     -12
222     -11
223     -8
224     -6
225     -4
226     -3
227     -1
228     1
229     5
230     6
231     7
232     9
233     11
234     13
235     14
236     16
237     17
238     18
239     19
240     19
241     20
242     20
243     20
244     20
245     20
246     20
247     19
248     18
249     17
250     15
251     14
252     13
253     11
254     10
255     8
256     5
257     4
258     1
259     -12
260     -13
261     -15
262     -16
263     -18
264     -18
265     -19
266     -19
267     -21
268     -20
269     -21
270     -19
271     -22
272     2
273     16
274     15
275     17
276     17
277     19
278     19
279     20
280     19
281     20
282     20
283     20
284     20
285     19
286     18
287     17
288     16
289     14
290     13
291     11
292     9
293     7
294     6
295     4
296     1
297     0
298     -3
299     -5
300     -6
301     -8
302     -9
303     -12
304     -13
305     -15
306     -16
307     -18
308     -18
309     -19
310     -20
311     -20
312     -20
313     -21
314     -20
315     -19
316     -19
317     -19
318     -17
319     -16
320     -15
321     -13
322     -11
323     -11
324     -8
325     -7
326     -5
327     -3
328     -1
329     2
330     3
331     6
332     6
333     9
334     11
335     13
336     13
337     15
338     17
339     18
340     18
341     20
342     20
343     21
344     20
345     21
346     20
347     19
348     19
349     17
350     17
351     16
352     14
353     12
354     12
355     10
356     7
357     6
358     4
359     2
360     -1
361     -3
362     -5
363     -6
364     -8
365     -10
366     -12
367     -14
368     -15
369     -16
370     -17
371     -19
372     -19
373     -20
374     -20
375     -20
376     -20
377     -20
378     -20
379     -19
380     -18
381     -17
382     -17
383     -15
384     -14
385     -12
386     -11
387     -8
388     -6
389     -5
390     -3
391     0
392     2
393     3
394     6
395     7
396     9
397     12
398     13
399     15
400     16
401     16
402     18
403     18
404     19
405     20
406     20
407     20
408     20
409     20
410     19
411     18
412     18
413     17
414     16
415     14
416     13
417     11
418     10
419     8
420     5
421     3
422     2
423     0
424     -3
425     -4
426     -6
427     -9
428     -10
429     -12
430     -13
431     -16
432     -16
433     -18
434     -19
435     -19
436     -21
437     -21
438     -20
439     -21
440     -20
441     -20
442     -20
443     -19
444     -18
445     -17
446     -14
447     -14
448     -12
449     -9
450     -9
451     -7
452     -5
453     -3
454     -1
455     1
456     3
457     5
458     7
459     10
460     11
461     13
462     13
463     16
464     16
465     18
466     19
467     20
468     20
469     20
470     20
471     21
472     20
473     20
474     19
475     18
476     17
477     16
478     14
479     13
480     11
481     9
482     6
483     5
484     4
485     2
486     -1
487     -2
488     -4
489     -6
490     -9
491     -11
492     -13
493     -14
494     -16
495     -17
496     -17
497     -18
498     -19
499     -21
500     -20
501     -21
502     -20
503     -20
504     -21
505     -20
506     -18
507     -17
508     -17
509     -15
510     -14
511     -12
512     -11
513     -8
514     -7
515     -4
516     -2
517     -1
518     2
519     3
520     6
521     8
522     10
523     10
524     13
525     15
526     16
527     17
528     19
529     19
530     19
531     20
532     20
533     21
534     21
535     20
536     19
537     19
538     17
539     17
540     16
541     15
542     13
543     11
544     10
545     8
546     6
547     4
548     2
549     -1
550     -3
551     -4
552     -6
553     -8
554     -11
555     -12
556     -13
557     -15
558     -17
559     -17
560     -18
561     -20
562     -20
563     -20
564     -20
565     -20
566     -20
567     -19
568     -19
569     -18
570     -18
571     -16
572     -16
573     -14
574     -11
575     -10
576     -8
577     -6
578     -5
579     -3
580     -1
581     1
582     3
583     5
584     8
585     10
586     11
587     12
588     15
589     16
590     18
591     18
592     19
593     20
594     20
595     20
596     21
597     20
598     20
599     19
600     19
601     18
602     17
603     17
604     14
605     12
606     11
607     9
608     8
609     5
610     3
611     2
612     0
613     -3
614     -4
615     -7
616     -9
617     -10
618     -12
619     -13
620     -14
621     -18
622     -18
623     -19
624     -20
625     -19
626     -21
627     -20
628     -20
629     -20
630     -19
631     -19
632     -19
633     -17
634     -16
635     -15
636     -14
637     -12
638     -11
639     -8
640     -6
641     -5
642     -3
643     -2
644     1
645     3
646     5
647     8
648     10
649     11
650     13
651     14
652     16
653     17
654     17
655     18
656     20
657     20
658     20
659     20
660     21
661     19
662     20
663     19
664     19
665     17
666     16
667     14
668     12
669     11
670     9
671     8
672     5
673     4
674     2
675     0
676     -3
677     -5
678     -7
679     -8
680     -10
681     -12
682     -14
683     -15
684     -16
685     -17
686     -18
687     -20
688     -20
689     -20
690     -20
691     -21
692     -20
693     -20
694     -20
695     -19
696     -17
697     -16
698     -15
699     -14
700     -11
701     -10
702     -8
703     -7
704     -5
705     -3
706     -1
707     2
708     4
709     5
710     7
711     8
712     11
713     13
714     15
715     16
716     17
717     18
718     18
719     19
720     20
721     20
722     20
723     20
724     20
725     20
726     19
727     18
728     17
729     16
730     14
731     13
732     11
733     10
734     7
735     5
736     4
737     1
738     -1
739     -4
740     -4
741     -7
742     -8
743     -10
744     -12
745     -13
746     -15
747     -16
748     -18
749     -18
750     -20
751     -19
752     -20
753     -20
754     -20
755     -21
756     -20
757     -19
758     -18
759     -18
760     -16
761     -15
762     -14
763     -12
764     -10
765     -8
766     -6
767     -5
768     -2
769     -1
770     1
771     3
772     6
773     7
774     10
775     12
776     13
777     14
778     16
779     17
780     18
781     19
782     19
783     20
784     21
785     20
786     20
787     21
788     20
789     19
790     17
791     16
792     15
793     15
794     13
795     10
796     10
797     7
798     6
799     3
800     1
801     -1
802     -2
803     -4
804     -7
805     -8
806     -10
807     -12
808     -13
809     -15
810     -17
811     -17
812     -19
813     -20
814     -20
815     -20
816     -20
817     -21
818     -20
819     -20
820     -19
821     -18
822     -17
823     -15
824     -15
825     -13
826     -12
827     -11
828     -8
829     -7
830     -4
831     -2
832     0
833     2
834     4
835     5
836     7
837     10
838     11
839     13
840     14
841     16
842     17
843     18
844     18
845     20
846     20
847     21
848     20
849     20
850     19
851     20
852     20
853     18
854     17
855     16
856     14
857     12
858     12
859     9
860     8
861     5
862     3
863     1
864     -1
865     -2
866     -5
867     -7
868     -8
869     -11
870     -11
871     -13
872     -14
873     -16
874     -18
875     -19
876     -20
877     -20
878     -20
879     -20
880     -20
881     -21
882     -20
883     -20
884     -19
885     -17
886     -16
887     -15
888     -13
889     -12
890     -10
891     -9
892     -7
893     -4
894     -3
895     -1
896     1
897     3
898     6
899     8
900     10
901     11
902     13
903     15
904     16
905     16
906     18
907     19
908     20
909     20
910     21
911     20
912     21
913     21
914     19
915     19
916     19
917     18
918     16
919     14
920     13
921     11
922     9
923     8
924     5
925     4
926     2
927     0
928     -3
929     -4
930     -7
931     -8
932     -10
933     -12
934     -13
935     -15
936     -16
937     -17
938     -18
939     -19
940     -20
941     -20
942     -21
943     -20
944     -21
945     -20
946     -19
947     -18
948     -17
949     -16
950     -15
951     -13
952     -11
953     -9
954     -8
955     -6
956     -5
957     -2
958     0
959     2
960     4
961     6
962     8
963     10
964     12
965     13
966     14
967     16
968     17
969     18
970     19
971     20
972     20
973     20
974     20
975     20
976     20
977     20
978     18
979     19
980     17
981     16
982     14
983     12
984     12
985     9
986     7
987     5
988     4
989     1
990     -1
991     -2
992     -3
993     -6
994     -7
995     -10
996     -11
997     -14
998     -16
999     -16
1000     -17
1001     -18
1002     -19
1003     -20
1004     -20
1005     -21
1006     -22
1007     -20
1008     -19
1009     -20
1010     -18
1011     -17
1012     -17
1013     -15
1014     -13
1015     -12
1016     -10
1017     -9
1018     -6
1019     -4
1020     -3
1021     -1
1022     2
1023     4
1024     6
1025     7
1026     10
1027     11
1028     12
1029     14
1030     16
1031     16
1032     18
1033     18
1034     20
1035     20
1036     21
1037     21
1038     20
1039     21
1040     19
1041     19
1042     18
1043     18
1044     16
1045     15
1046     12
1047     11
1048     9
1049     8
1050     5
1051     3
1052     2
1053     -1
1054     -2
1055     -5
1056     -6
1057     -8
1058     -11
1059     -12
1060     -14
1061     -15
1062     -17
1063     -17
1064     -19
1065     -19
1066     -20
1067     -20
1068     -20
1069     -20
1070     -20
1071     -20
1072     -20
1073     -18
1074     -18
1075     -17
1076     -14
1077     -14
1078     -12
1079     -10
1080     -9
1081     -6
1082     -5
1083     -3
1084     0
1085     1
1086     4
1087     5
1088     8
1089     10
1090     11
1091     13
1092     15
1093     17
1094     17
1095     18
1096     19
1097     20
1098     20
1099     21
1100     20
1101     20
1102     19
1103     20
1104     19
1105     18
1106     17
1107     15
1108     15
1109     13
1110     11
1111     10
1112     7
1113     5
1114     4
1115     2
1116     -1
1117     -3
1118     -4
1119     -6
1120     -9
1121     -10
1122     -12
1123     -13
1124     -15
1125     -16
1126     -18
1127     -19
1128     -19
1129     -20
1130     -20
1131     -20
1132     -20
1133     -20
1134     -19
1135     -20
1136     -18
1137     -18
1138     -17
1139     -16
1140     -14
1141     -12
1142     -10
1143     -8
1144     -7
1145     -5
1146     -3
1147     0
1148     1
1149     3
1150     5
1151     7
1152     10
1153     11
1154     13
1155     14
1156     17
1157     17
1158     18
1159     19
1160     19
1161     20
1162     21
1163     20
1164     20
1165     20
1166     19
1167     19
1168     18
1169     16
1170     16
1171     14
1172     13
1173     11
1174     10
1175     8
1176     6
1177     4
1178     1
1179     -1
1180     -2
1181     -5
1182     -6
1183     -8
1184     -10
1185     -12
1186     -14
1187     -14
1188     -17
1189     -17
1190     -19
1191     -20
1192     -20
1193     -21
1194     -21
1195     -21
1196     -20
1197     -20
1198     -19
1199     -19
1200     -18
1201     -16
1202     -15
1203     -14
1204     -13
1205     -10
1206     -9
1207     -6
1208     -4
1209     -3
1210     -1
1211     1
1212     3
1213     5
1214     8
1215     9
1216     11
1217     12
1218     15
1219     16
1220     16
1221     17
1222     18
1223     19
1224     20
1225     20
1226     21
1227     20
1228     20
1229     19
1230     19
1231     18
1232     17
1233     16
1234     14
1235     13
1236     11
1237     9
1238     7
1239     5
1240     3
1241     1
1242     0
1243     -3
1244     -5
1245     -7
1246     -8
1247     -10
1248     -11
1249     -13
1250     -15
1251     -16
1252     -18
1253     -19
1254     -19
1255     -20
1256     -20
1257     -20
1258     -20
1259     -21
1260     -20
1261     -19
1262     -19
1263     -18
1264     -16
1265     -16
1266     -15
1267     -13
1268     -10
1269     -8
1270     -7
1271     -4
1272     -3
1273     -1
1274     2
1275     4
1276     5
1277     7
1278     9
1279     11
1280     13
1281     14
1282     15
1283     17
1284     19
1285     19
1286     19
1287     20
1288     21
1289     20
1290     21
1291     20
1292     20
1293     19
1294     18
1295     17
1296     15
1297     13
1298     12
1299     11
1300     9
1301     7
1302     5
1303     3
1304     2
1305     -1
1306     -3
1307     -5
1308     -7
1309     -8
1310     -10
1311     -12
1312     -13
1313     -15
1314     -17
1315     -18
1316     -19
1317     -20
1318     -20
1319     -20
1320     -20
1321     -20
1322     -21
1323     -20
1324     -20
1325     -18
1326     -18
1327     -16
1328     -14
1329     -13
1330     -12
1331     -11
1332     -9
1333     -6
1334     -5
1335     -3
1336     0
1337     1
1338     3
1339     6
1340     7
1341     9
1342     12
1343     13
1344     14
1345     16
1346     16
1347     18
1348     19
1349     20
1350     21
1351     21
1352     20
1353     21
1354     21
1355     20
1356     19
1357     19
1358     17
1359     15
1360     15
1361     12
1362     11
1363     9
1364     7
1365     6
1366     3
1367     2
1368     0
1369     -3
1370     -5
1371     -7
1372     -8
1373     -10
1374     -12
1375     -14
1376     -16
1377     -16
1378     -18
1379     -19
1380     -19
1381     -20
1382     -20
1383     -21
1384     -21
1385     -20
1386     -20
1387     -19
1388     -18
1389     -18
1390     -16
1391     -15
1392     -14
1393     -13
1394     -10
1395     -8
1396     -7
1397     -5
1398     -2
1399     -1
1400     2
1401     3
1402     5
1403     7
1404     9
1405     11
1406     13
1407     14
1408     16
1409     16
1410     18
1411     19
1412     19
1413     21
1414     21
1415     20
1416     19
1417     20
1418     19
1419     19
1420     18
1421     17
1422     15
1423     14
1424     12
1425     11
1426     9
1427     8
1428     5
1429     3
1430     2
1431     -1
1432     -2
1433     -5
1434     -6
1435     -8
1436     -10
1437     -12
1438     -14
1439     -15
1440     -17
1441     -17
1442     -18
1443     -19
1444     -20
1445     -20
1446     -20
1447     -19
1448     -20
1449     -19
1450     -19
1451     -19
1452     -17
1453     -16
1454     -15
1455     -14
1456     -13
1457     -10
1458     -9
1459     -7
1460     -4
1461     -2
1462     0
1463     2
1464     3
1465     5
1466     8
1467     9
1468     12
1469     13
1470     15
1471     15
1472     17
1473     18
1474     19
1475     20
1476     20
1477     21
1478     21
1479     20
1480     20
1481     20
1482     19
1483     17
1484     17
1485     16
1486     15
1487     13
1488     12
1489     10
1490     7
1491     6
1492     3
1493     1
1494     0
1495     -2
1496     -5
1497     -6
1498     -8
1499     -10
1500     -12
1501     -15
1502     -14
1503     -17
1504     -18
1505     -18
1506     -20
1507     -20
1508     -20
1509     -20
1510     -21
1511     -21
1512     -19
1513     -19
1514     -18
1515     -18
1516     -17
1517     -15
1518     -13
1519     -12
1520     -11
1521     -8
1522     -6
1523     -4
1524     -3
1525     0
1526     2
1527     3
1528     6
1529     8
1530     10
1531     12
1532     13
1533     15
1534     16
1535     17
1536     17
1537     19
1538     19
1539     21
1540     20
1541     20
1542     20
1543     21
1544     20
1545     18
1546     18
1547     17
1548     16
1549     15
1550     12
1551     11
1552     10
1553     8
1554     6
1555     4
1556     2
1557     -1
1558     -2
1559     -5
1560     -7
1561     -9
1562     -10
1563     -12
1564     -13
1565     -16
1566     -17
1567     -18
1568     -19
1569     -20
1570     -19
1571     -21
1572     -21
1573     -20
1574     -20
1575     -20
1576     -19
1577     -18
1578     -17
1579     -17
1580     -15
1581     -14
1582     -12
1583     -10
1584     -9
1585     -6
1586     -5
1587     -2
1588     -1
1589     2
1590     3
1591     6
1592     7
1593     9
1594     11
1595     13
1596     14
1597     15
1598     17
1599     19
1600     19
1601     20
1602     20
1603     20
1604     21
1605     20
1606     20
1607     19
1608     19
1609     18
1610     17
1611     16
1612     14
1613     13
1614     11
1615     10
1616     8
1617     5
1618     4
1619     1
1620     -1
1621     -3
1622     -5
1623     -6
1624     -8
1625     -10
1626     -12
1627     -14
1628     -15
1629     -17
1630     -17
1631     -19
1632     -19
1633     -20
1634     -21
1635     -20
1636     -21
1637     -20
1638     -21
1639     -19
1640     -19
1641     -18
1642     -16
1643     -15
1644     -14
1645     -12
1646     -10
1647     -8
1648     -6
1649     -5
1650     -2
1651     0
1652     0
1653     4
1654     5
1655     7
1656     9
1657     12
1658     12
1659     14
1660     15
1661     16
1662     18
1663     19
1664     20
1665     20
1666     21
1667     21
1668     20
1669     20
1670     20
1671     19
1672     18
1673     17
1674     15
1675     14
1676     13
1677     12
1678     9
1679     7
1680     5
1681     4
1682     1
1683     -1
1684     -2
1685     -4
1686     -6
1687     -8
1688     -10
1689     -12
1690     -13
1691     -15
1692     -17
1693     -17
1694     -18
1695     -19
1696     -19
1697     -21
1698     -21
1699     -20
1700     -21
1701     -20
1702     -19
1703     -19
1704     -18
1705     -16
1706     -15
1707     -14
1708     -12
1709     -9
1710     -8
1711     -6
1712     -4
1713     -2
1714     -1
1715     2
1716     4
1717     5
1718     7
1719     8
1720     11
1721     13
1722     14
1723     16
1724     17
1725     18
1726     18
1727     20
1728     20
1729     20
1730     21
1731     20
1732     20
1733     20
1734     19
1735     19
1736     17
1737     16
1738     14
1739     12
1740     11
1741     10
1742     7
1743     5
1744     4
1745     1
1746     0
1747     -2
1748     -5
1749     -7
1750     -8
1751     -10
1752     -12
1753     -14
1754     -15
1755     -16
1756     -17
1757     -19
1758     -19
1759     -20
1760     -21
1761     -21
1762     -21
1763     -20
1764     -20
1765     -19
1766     -19
1767     -18
1768     -17
1769     -15
1770     -14
1771     -12
1772     -11
1773     -8
1774     -8
1775     -4
1776     -3
1777     -1
1778     1
1779     4
1780     5
1781     7
1782     9
1783     11
1784     13
1785     14
1786     15
1787     17
1788     17
1789     19
1790     20
1791     20
1792     21
1793     21
1794     20
1795     20
1796     19
1797     19
1798     19
1799     18
1800     16
1801     15
1802     13
1803     11
1804     10
1805     7
1806     5
1807     4
1808     1
1809     0
1810     -3
1811     -4
1812     -6
1813     -8
1814     -10
1815     -12
1816     -13
1817     -15
1818     -16
1819     -17
1820     -18
1821     -19
1822     -21
1823     -20
1824     -20
1825     -21
1826     -20
1827     -20
1828     -19
1829     -18
1830     -17
1831     -16
1832     -15
1833     -14
1834     -12
1835     -10
1836     -8
1837     -6
1838     -5
1839     -3
1840     0
1841     2
1842     2
1843     6
1844     8
1845     10
1846     11
1847     13
1848     14
1849     16
1850     17
1851     18
1852     18
1853     20
1854     19
1855     21
1856     20
1857     20
1858     21
1859     20
1860     19
1861     18
1862     17
1863     16
1864     14
1865     13
1866     12
1867     9
1868     7
1869     6
1870     3
1871     2
1872     0
1873     -3
1874     -4
1875     -6
1876     -8
1877     -10
1878     -12
1879     -13
1880     -15
1881     -16
1882     -17
1883     -18
1884     -20
1885     -20
1886     -20
1887     -20
1888     -21
1889     -20
1890     -20
1891     -20
1892     -18
1893     -18
1894     -16
1895     -15
1896     -14
1897     -12
1898     -11
1899     -9
1900     -7
1901     -4
1902     -3
1903     0
1904     1
1905     4
1906     5
1907     7
1908     10
1909     12
1910     13
1911     14
1912     16
1913     17
1914     19
1915     19
1916     20
1917     20
1918     21
1919     21
1920     21
1921     20
1922     20
1923     19
1924     17
1925     17
1926     16
1927     14
1928     13
1929     11
1930     10
1931     8
1932     5
1933     4
1934     2
1935     0
1936     -2
1937     -5
1938     -6
1939     -8
1940     -10
1941     -12
1942     -14
1943     -15
1944     -16
1945     -17
1946     -18
1947     -19
1948     -20
1949     -21
1950     -21
1951     -21
1952     -20
1953     -20
1954     -19
1955     -18
1956     -17
1957     -16
1958     -15
1959     -13
1960     -12
1961     -10
1962     -9
1963     -7
1964     -5
1965     -2
1966     -1
1967     2
1968     4
1969     6
1970     7
1971     9
1972     11
1973     13
1974     14
1975     16
1976     16
1977     18
1978     18
1979     20
1980     20
1981     21
1982     21
1983     19
1984     20
1985     19
1986     19
1987     18
1988     16
1989     16
1990     14
1991     12
1992     11
1993     9
1994     8
1995     6
1996     4
1997     1
1998     0
1999     -3
2000     -5
2001     -7
2002     -9
2003     -10
2004     -12
2005     -14
2006     -15
2007     -16
2008     -18
2009     -18
2010     -20
2011     -19
2012     -20
2013     -21
2014     -20
2015     -20
2016     -20
2017     -20
2018     -19
2019     -18
2020     -16
2021     -15
2022     -14
2023     -12
2024     -11
2025     -9
2026     -7
2027     -4
2028     -3
2029     -1
2030     1
2031     4
2032     4
2033     7
2034     9
2035     11
2036     13
2037     15
2038     15
2039     17
2040     18
2041     18
2042     20
2043     20
2044     21
2045     20
2046     21
2047     20
2048     19
2049     19
2050     18
2051     17
2052     15
2053     15
2054     13
2055     11
2056     9
2057     7
2058     5
2059     3
2060     2
2061     -1
2062     -3
2063     -5
2064     -7
2065     -8
2066     -10
2067     -12
2068     -14
2069     -15
2070     -16
2071     -18
2072     -18
2073     -19
2074     -19
2075     -20
2076     -21
2077     -20
2078     -20
2079     -20
2080     -19
2081     -18
2082     -17
2083     -16
2084     -15
2085     -14
2086     -12
2087     -10
2088     -8
2089     -7
2090     -4
2091     -2
2092     0
2093     1
2094     3
2095     6
2096     7
2097     9
2098     10
2099     13
2100     13
2101     16
2102     16
2103     18
2104     19
2105     19
2106     20
2107     20
2108     20
2109     20
2110     20
2111     19
2112     18
2113     18
2114     17
2115     16
2116     14
2117     12
2118     11
2119     10
2120     7
2121     6
2122     4
2123     2
2124     -1
2125     -3
2126     -4
2127     -6
2128     -8
2129     -11
2130     -12
2131     -13
2132     -15
2133     -17
2134     -17
2135     -19
2136     -20
2137     -19
2138     -20
2139     -20
2140     -21
2141     -21
2142     -20
2143     -20
2144     -19
2145     -18
2146     -16
2147     -15
2148     -14
2149     -12
2150     -10
2151     -8
2152     -6
2153     -5
2154     -3
2155     -1
2156     1
2157     4
2158     5
2159     8
2160     9
2161     11
2162     12
2163     14
2164     15
2165     17
2166     18
2167     19
2168     20
2169     20
2170     21
2171     20
2172     21
2173     20
2174     19
2175     19
2176     18
2177     16
2178     15
2179     14
2180     13
2181     11
2182     9
2183     7
2184     5
2185     4
2186     1
2187     -1
2188     -2
2189     -5
2190     -6
2191     -8
2192     -10
2193     -12
2194     -14
2195     -15
2196     -16
2197     -18
2198     -18
2199     -18
2200     -19
2201     -21
2202     -20
2203     -20
2204     -21
2205     -20
