1     -4
2     -5
3     -6
4     -5
5     -6
6     -6
7     -6
8     -7
9     -6
10     -7
11     -8
12     -7
13     -8
14     -8
15     -8
16     -8
17     -9
18     -9
19     -9
20     -9
21     -10
22     -10
23     -9
24     -10
25     -9
26     -10
27     -11
28     -11
29     -11
30     -11
31     -11
32     -12
33     -12
34     -12
35     -12
36     -12
37     -13
38     -13
39     -13
40     -13
41     -13
42     -14
43     -13
44     -13
45     -14
46     -13
47     -14
48     -14
49     -14
50     -15
51     -16
52     -15
53     -16
54     -16
55     -15
56     -16
57     -17
58     -16
59     -17
60     -17
61     -16
62     -17
63     -17
64     -17
65     -17
66     -18
67     -18
68     -17
69     -17
70     -17
71     -18
72     -18
73     -18
74     -18
75     -18
76     -19
77     -19
78     -19
79     -19
80     -19
81     -19
82     -19
83     -19
84     -19
85     -20
86     -20
87     -19
88     -20
89     -20
90     -20
91     -20
92     -19
93     -20
94     -19
95     -20
96     -19
97     -20
98     -21
99     -20
100     -20
101     -21
102     -21
103     -20
104     -21
105     -20
106     -20
107     -21
108     -20
109     -20
110     -21
111     -20
112     -21
113     -20
114     -21
115     -20
116     -21
117     -20
118     -20
119     -22
120     -21
121     -21
122     -21
123     -21
124     -21
125     -21
126     -21
127     -21
128     -20
129     -20
130     -20
131     -21
132     -20
133     -21
134     -20
135     -21
136     -20
137     -20
138     -19
139     -20
140     -20
141     -20
142     -19
143     -20
144     -19
145     -20
146     -19
147     -20
148     -19
149     -18
150     -19
151     -18
152     -18
153     -19
154     -18
155     -18
156     -18
157     -18
158     -17
159     -18
160     -18
161     -17
162     -18
163     -17
164     -18
165     -17
166     -17
167     -17
168     -16
169     -17
170     -16
171     -16
172     -16
173     -15
174     -16
175     -15
176     -16
177     -15
178     -15
179     -15
180     -15
181     -15
182     -15
183     -14
184     -14
185     -14
186     -15
187     -14
188     -13
189     -13
190     -13
191     -13
192     -13
193     -13
194     -12
195     -11
196     -12
197     -12
198     -12
199     -11
200     -11
201     -12
202     -11
203     -10
204     -10
205     -11
206     -10
207     -10
208     -9
209     -10
210     -9
211     -10
212     -9
213     -9
214     -8
215     -8
216     -8
217     -7
218     -8
219     -7
220     -7
221     -7
222     -6
223     -6
224     -6
225     -5
226     -6
227     -6
228     -5
229     -5
230     -4
231     -4
232     -4
233     -4
234     -4
235     -3
236     -3
237     -3
238     -3
239     -3
240     -2
241     -2
242     -1
243     -2
244     -1
245     -1
246     -1
247     -1
248     -1
249     0
250     0
251     1
252     1
253     1
254     1
255     1
256     1
257     2
258     2
259     2
260     3
261     3
262     3
263     4
264     4
265     4
266     4
267     4
268     4
269     4
270     5
271     5
272     5
273     6
274     6
275     6
276     6
277     7
278     7
279     7
280     7
281     7
282     7
283     7
284     8
285     9
286     9
287     9
288     9
289     9
290     9
291     10
292     10
293     10
294     11
295     11
296     10
297     11
298     11
299     12
300     11
301     12
302     12
303     13
304     11
305     13
306     13
307     13
308     12
309     13
310     13
311     14
312     14
313     14
314     13
315     15
316     14
317     15
318     15
319     15
320     15
321     15
322     15
323     16
324     16
325     15
326     16
327     16
328     16
329     17
330     17
331     16
332     17
333     17
334     16
335     17
336     17
337     17
338     18
339     17
340     17
341     18
342     18
343     18
344     19
345     18
346     19
347     19
348     18
349     19
350     19
351     18
352     18
353     19
354     19
355     19
356     19
357     20
358     19
359     19
360     20
361     20
362     19
363     21
364     20
365     20
366     20
367     19
368     19
369     20
370     20
371     20
372     20
373     20
374     20
375     20
376     20
377     19
378     21
379     20
380     20
381     20
382     20
383     20
384     19
385     20
386     20
387     21
388     19
389     21
390     20
391     20
392     20
393     19
394     20
395     20
396     20
397     20
398     20
399     19
400     19
401     20
402     20
403     20
404     19
405     20
406     19
407     19
408     20
409     19
410     19
411     18
412     19
413     19
414     18
415     19
416     18
417     18
418     18
419     18
420     18
421     17
422     18
423     18
424     18
425     18
426     17
427     16
428     17
429     17
430     17
431     17
432     17
433     17
434     16
435     16
436     17
437     16
438     16
439     15
440     16
441     16
442     15
443     15
444     14
445     14
446     15
447     15
448     14
449     15
450     14
451     14
452     13
453     12
454     13
455     13
456     13
457     12
458     12
459     11
460     12
461     11
462     12
463     11
464     11
465     11
466     11
467     10
468     10
469     10
470     10
471     9
472     9
473     9
474     9
475     9
476     8
477     8
478     9
479     7
480     8
481     8
482     8
483     7
484     7
485     7
486     6
487     6
488     5
489     5
490     6
491     5
492     5
493     5
494     4
495     4
496     4
497     4
498     3
499     3
500     3
501     3
502     2
503     2
504     1
505     2
506     2
507     1
508     2
509     1
510     1
511     1
512     -1
513     -1
514     -1
515     -1
516     -1
517     -2
518     -1
519     -2
520     -2
521     -2
522     -3
523     -3
524     -3
525     -3
526     -3
527     -3
528     -4
529     -3
530     -4
531     -4
532     -4
533     -5
534     -5
535     -6
536     -6
537     -6
538     -6
539     -6
540     -7
541     -7
542     -7
543     -7
544     -7
545     -8
546     -8
547     -8
548     -9
549     -8
550     -9
551     -9
552     -9
553     -10
554     -9
555     -9
556     -10
557     -10
558     -10
559     -10
560     -11
561     -11
562     -11
563     -12
564     -12
565     -11
566     -12
567     -12
568     -13
569     -13
570     -12
571     -13
572     -14
573     -12
574     -13
575     -14
576     -13
577     -15
578     -15
579     -14
580     -15
581     -15
582     -15
583     -15
584     -16
585     -15
586     -15
587     -17
588     -16
589     -16
590     -16
591     -16
592     -17
593     -17
594     -17
595     -17
596     -18
597     -17
598     -17
599     -18
600     -17
601     -18
602     -18
603     -18
604     -19
605     -18
606     -19
607     -19
608     -19
609     -19
610     -18
611     -19
612     -19
613     -19
614     -19
615     -20
616     -19
617     -19
618     -19
619     -20
620     -19
621     -19
622     -20
623     -20
624     -20
625     -20
626     -20
627     -20
628     -20
629     -20
630     -20
631     -20
632     -20
633     -20
634     -20
635     -20
636     -21
637     -21
638     -20
639     -21
640     -20
641     -21
642     -20
643     -20
644     -20
645     -20
646     -21
647     -21
648     -20
649     -20
650     -20
651     -21
652     -20
653     -20
654     -20
655     -21
656     -20
657     -20
658     -20
659     -20
660     -19
661     -20
662     -20
663     -21
664     -20
665     -20
666     -20
667     -19
668     -21
669     -20
670     -20
671     -19
672     -20
673     -20
674     -20
675     -20
676     -19
677     -19
678     -20
679     -19
680     -20
681     -19
682     -19
683     -18
684     -18
685     -20
686     -19
687     -18
688     -19
689     -18
690     -18
691     -18
692     -18
693     -17
694     -17
695     -17
696     -17
697     -17
698     -17
699     -16
700     -16
701     -17
702     -16
703     -16
704     -17
705     -16
706     -16
707     -15
708     -15
709     -15
710     -15
711     -15
712     -15
713     -15
714     -14
715     -15
716     -14
717     -15
718     -15
719     -14
720     -13
721     -13
722     -14
723     -13
724     -12
725     -12
726     -11
727     -12
728     -12
729     -12
730     -12
731     -11
732     -11
733     -11
734     -11
735     -11
736     -10
737     -10
738     -10
739     -10
740     -10
741     -9
742     -9
743     -9
744     -8
745     -8
746     -8
747     -8
748     -8
749     -7
750     -7
751     -7
752     -7
753     -6
754     -6
755     -5
756     -5
757     -6
758     -6
759     -5
760     -5
761     -5
762     -5
763     -4
764     -4
765     -3
766     -3
767     -3
768     -4
769     -3
770     -2
771     -2
772     -2
773     -2
774     -2
775     -1
776     -1
777     -1
778     -1
779     -1
780     0
781     0
782     0
783     0
784     1
785     0
786     1
787     1
788     1
789     2
790     2
791     3
792     3
793     4
794     3
795     4
796     4
797     3
798     4
799     4
800     4
801     5
802     5
803     5
804     5
805     6
806     5
807     6
808     6
809     7
810     6
811     7
812     6
813     8
814     8
815     7
816     8
817     9
818     8
819     9
820     9
821     9
822     9
823     10
824     10
825     10
826     10
827     11
828     11
829     10
830     11
831     12
832     12
833     11
834     11
835     13
836     13
837     13
838     13
839     13
840     13
841     14
842     13
843     14
844     14
845     14
846     14
847     14
848     15
849     15
850     15
851     15
852     15
853     15
854     15
855     16
856     16
857     16
858     16
859     16
860     16
861     16
862     16
863     16
864     17
865     17
866     17
867     17
868     17
869     17
870     18
871     17
872     18
873     18
874     17
875     18
876     18
877     19
878     19
879     18
880     19
881     18
882     19
883     19
884     19
885     18
886     19
887     19
888     19
889     19
890     20
891     19
892     20
893     20
894     20
895     19
896     20
897     19
898     20
899     20
900     20
901     21
902     19
903     20
904     19
905     20
906     20
907     20
908     20
909     21
910     20
911     20
912     20
913     20
914     20
915     21
916     21
917     21
918     20
919     21
920     20
921     20
922     20
923     20
924     20
925     20
926     19
927     19
928     20
929     20
930     19
931     19
932     20
933     20
934     20
935     20
936     20
937     19
938     19
939     19
940     19
941     19
942     19
943     19
944     19
945     20
946     19
947     19
948     18
949     18
950     18
951     18
952     18
953     18
954     18
955     17
956     17
957     17
958     16
959     17
960     16
961     16
962     17
963     17
964     17
965     17
966     17
967     16
968     16
969     16
970     15
971     16
972     16
973     16
974     15
975     15
976     14
977     14
978     15
979     14
980     14
981     13
982     14
983     13
984     13
985     13
986     13
987     12
988     12
989     13
990     12
991     11
992     12
993     11
994     10
995     11
996     11
997     10
998     10
999     10
1000     10
1001     10
1002     10
1003     10
1004     9
1005     8
1006     10
1007     9
1008     8
1009     8
1010     8
1011     8
1012     7
1013     7
1014     6
1015     6
1016     6
1017     7
1018     6
1019     6
1020     6
1021     6
1022     5
1023     5
1024     5
1025     4
1026     4
1027     4
1028     4
1029     3
1030     4
1031     3
1032     3
1033     3
1034     2
1035     3
1036     2
1037     2
1038     2
1039     1
1040     1
1041     1
1042     0
1043     -1
1044     0
1045     0
1046     0
1047     1
1048     -1
1049     -2
1050     -1
1051     -1
1052     -2
1053     -2
1054     -2
1055     -2
1056     -2
1057     -3
1058     -4
1059     -4
1060     -4
1061     -3
1062     -5
1063     -4
1064     -5
1065     -5
1066     -5
1067     -6
1068     -5
1069     -5
1070     -6
1071     -7
1072     -7
1073     -6
1074     -6
1075     -8
1076     -8
1077     -8
1078     -8
1079     -8
1080     -8
1081     -9
1082     -8
1083     -10
1084     -10
1085     -10
1086     -10
1087     -10
1088     -10
1089     -10
1090     -10
1091     -11
1092     -11
1093     -11
1094     -12
1095     -12
1096     -12
1097     -12
1098     -12
1099     -11
1100     -13
1101     -13
1102     -13
1103     -13
1104     -13
1105     -13
1106     -14
1107     -14
1108     -14
1109     -14
1110     -15
1111     -14
1112     -14
1113     -15
1114     -16
1115     -16
1116     -16
1117     -16
1118     -16
1119     -16
1120     -16
1121     -16
1122     -16
1123     -17
1124     -17
1125     -17
1126     -17
1127     -18
1128     -18
1129     -17
1130     -17
1131     -17
1132     -18
1133     -18
1134     -18
1135     -19
1136     -18
1137     -19
1138     -18
1139     -19
1140     -19
1141     -18
1142     -19
1143     -19
1144     -20
1145     -20
1146     -19
1147     -19
1148     -21
1149     -19
1150     -19
1151     -19
1152     -20
1153     -19
1154     -20
1155     -20
1156     -20
1157     -20
1158     -20
1159     -20
1160     -21
1161     -21
1162     -19
1163     -20
1164     -21
1165     -19
1166     -20
1167     -21
1168     -22
1169     -21
1170     -20
1171     -20
1172     -20
1173     -21
1174     -21
1175     -21
1176     -21
1177     -21
1178     -20
1179     -20
1180     -21
1181     -20
1182     -21
1183     -21
1184     -20
1185     -20
1186     -21
1187     -21
1188     -21
1189     -20
1190     -20
1191     -20
1192     -21
1193     -21
1194     -20
1195     -21
1196     -20
1197     -19
1198     -20
1199     -20
1200     -20
1201     -20
1202     -20
1203     -19
1204     -20
1205     -20
1206     -20
1207     -20
1208     -19
1209     -20
1210     -19
1211     -20
1212     -19
1213     -19
1214     -19
1215     -18
1216     -19
1217     -19
1218     -19
1219     -19
1220     -18
1221     -17
1222     -18
1223     -18
1224     -17
1225     -17
1226     -18
1227     -19
1228     -18
1229     -17
1230     -18
1231     -17
1232     -17
1233     -17
1234     -16
1235     -16
1236     -15
1237     -16
1238     -15
1239     -15
1240     -16
1241     -15
1242     -15
1243     -15
1244     -15
1245     -15
1246     -14
1247     -15
1248     -14
1249     -14
1250     -14
1251     -13
1252     -13
1253     -14
1254     -14
1255     -13
1256     -12
1257     -12
1258     -12
1259     -12
1260     -11
1261     -11
1262     -11
1263     -11
1264     -11
1265     -10
1266     -9
1267     -10
1268     -10
1269     -10
1270     -10
1271     -9
1272     -9
1273     -9
1274     -9
1275     -9
1276     -8
1277     -8
1278     -8
1279     -8
1280     -8
1281     -8
1282     -7
1283     -7
1284     -6
1285     -7
1286     -6
1287     -6
1288     -5
1289     -6
1290     -5
1291     -5
1292     -5
1293     -4
1294     -4
1295     -4
1296     -4
1297     -3
1298     -4
1299     -3
1300     -2
1301     -3
1302     -2
1303     -3
1304     -2
1305     -1
1306     -1
1307     -2
1308     -1
1309     -1
1310     0
1311     -1
1312     0
1313     0
1314     0
1315     0
1316     0
1317     1
1318     2
1319     2
1320     2
1321     2
1322     2
1323     3
1324     2
1325     3
1326     3
1327     3
1328     4
1329     3
1330     5
1331     4
1332     5
1333     5
1334     5
1335     5
1336     6
1337     6
1338     6
1339     6
1340     7
1341     7
1342     6
1343     8
1344     7
1345     8
1346     8
1347     8
1348     9
1349     8
1350     8
1351     9
1352     9
1353     10
1354     9
1355     10
1356     11
1357     11
1358     10
1359     10
1360     11
1361     11
1362     12
1363     12
1364     12
1365     12
1366     13
1367     12
1368     12
1369     13
1370     14
1371     13
1372     13
1373     13
1374     13
1375     14
1376     14
1377     14
1378     14
1379     14
1380     14
1381     15
1382     14
1383     15
1384     15
1385     16
1386     16
1387     16
1388     16
1389     16
1390     16
1391     16
1392     17
1393     17
1394     17
1395     16
1396     17
1397     17
1398     17
1399     18
1400     18
1401     18
1402     18
1403     18
1404     18
1405     18
1406     18
1407     18
1408     19
1409     19
1410     18
1411     19
1412     18
1413     19
1414     19
1415     19
1416     19
1417     20
1418     20
1419     20
1420     19
1421     19
1422     19
1423     20
1424     19
1425     20
1426     19
1427     20
1428     20
1429     19
1430     20
1431     20
1432     20
1433     21
1434     20
1435     20
1436     20
1437     20
1438     20
1439     20
1440     20
1441     20
1442     21
1443     20
1444     20
1445     20
1446     20
1447     20
1448     20
1449     20
1450     20
1451     20
1452     20
1453     20
1454     19
1455     20
1456     20
1457     20
1458     19
1459     20
1460     19
1461     19
1462     20
1463     20
1464     20
1465     20
1466     19
1467     19
1468     19
1469     19
1470     18
1471     18
1472     18
1473     19
1474     19
1475     19
1476     18
1477     18
1478     19
1479     18
1480     18
1481     18
1482     18
1483     17
1484     18
1485     18
1486     17
1487     18
1488     17
1489     17
1490     16
1491     18
1492     17
1493     17
1494     17
1495     16
1496     16
1497     16
1498     17
1499     17
1500     16
1501     16
1502     17
1503     16
1504     15
1505     15
1506     15
1507     15
1508     15
1509     14
1510     14
1511     14
1512     13
1513     13
1514     14
1515     13
1516     13
1517     13
1518     13
1519     13
1520     12
1521     12
1522     12
1523     12
1524     11
1525     11
1526     11
1527     11
1528     11
1529     11
1530     10
1531     10
1532     9
1533     9
1534     9
1535     9
1536     9
1537     8
1538     8
1539     8
1540     8
1541     8
1542     8
1543     8
1544     7
1545     7
1546     6
1547     6
1548     8
1549     6
1550     6
1551     6
1552     6
1553     5
1554     5
1555     4
1556     5
1557     5
1558     4
1559     4
1560     3
1561     4
1562     3
1563     3
1564     3
1565     2
1566     2
1567     2
1568     2
1569     1
1570     1
1571     1
1572     1
1573     0
1574     0
1575     1
1576     0
1577     -1
1578     -1
1579     0
1580     -1
1581     -1
1582     -2
1583     -2
1584     -2
1585     -2
1586     -3
1587     -3
1588     -3
1589     -3
1590     -4
1591     -5
1592     -3
1593     -4
1594     -5
1595     -5
1596     -4
1597     -5
1598     -5
1599     -5
1600     -6
1601     -6
1602     -7
1603     -7
1604     -6
1605     -7
1606     -6
1607     -8
1608     -8
1609     -7
1610     -8
1611     -8
1612     -9
1613     -9
1614     -9
1615     -9
1616     -9
1617     -9
1618     -9
1619     -10
1620     -10
1621     -10
1622     -12
1623     -11
1624     -10
1625     -11
1626     -11
1627     -11
1628     -12
1629     -12
1630     -13
1631     -13
1632     -13
1633     -13
1634     -13
1635     -13
1636     -13
1637     -14
1638     -14
1639     -14
1640     -14
1641     -14
1642     -15
1643     -14
1644     -15
1645     -15
1646     -15
1647     -15
1648     -16
1649     -15
1650     -17
1651     -16
1652     -16
1653     -16
1654     -17
1655     -17
1656     -17
1657     -17
1658     -17
1659     -18
1660     -17
1661     -18
1662     -18
1663     -18
1664     -17
1665     -17
1666     -18
1667     -19
1668     -18
1669     -18
1670     -18
1671     -18
1672     -19
1673     -18
1674     -20
1675     -19
1676     -19
1677     -19
1678     -19
1679     -19
1680     -19
1681     -19
1682     -20
1683     -19
1684     -20
1685     -20
1686     -20
1687     -20
1688     -20
1689     -20
1690     -20
1691     -21
1692     -21
1693     -20
1694     -20
1695     -21
1696     -21
1697     -21
1698     -20
1699     -21
1700     -20
1701     -20
1702     -21
1703     -21
1704     -20
1705     -20
1706     -21
1707     -21
1708     -21
1709     -20
1710     -21
1711     -21
1712     -21
1713     -20
1714     -20
1715     -20
1716     -21
1717     -20
1718     -21
1719     -20
1720     -21
1721     -21
1722     -21
1723     -20
1724     -21
1725     -20
1726     -20
1727     -20
1728     -21
1729     -20
1730     -20
1731     -20
1732     -19
1733     -20
1734     -19
1735     -19
1736     -20
1737     -19
1738     -20
1739     -19
1740     -19
1741     -19
1742     -19
1743     -20
1744     -19
1745     -20
1746     -19
1747     -19
1748     -19
1749     -19
1750     -17
1751     -18
1752     -18
1753     -18
1754     -18
1755     -17
1756     -17
1757     -18
1758     -18
1759     -17
1760     -17
1761     -17
1762     -17
1763     -17
1764     -16
1765     -17
1766     -16
1767     -16
1768     -16
1769     -16
1770     -16
1771     -15
1772     -15
1773     -15
1774     -15
1775     -15
1776     -14
1777     -14
1778     -15
1779     -15
1780     -14
1781     -14
1782     -13
1783     -13
1784     -13
1785     -13
1786     -12
1787     -12
1788     -12
1789     -12
1790     -13
1791     -12
1792     -11
1793     -11
1794     -12
1795     -11
1796     -10
1797     -10
1798     -10
1799     -10
1800     -10
1801     -9
1802     -9
1803     -9
1804     -10
1805     -9
1806     -9
1807     -9
1808     -8
1809     -8
1810     -8
1811     -7
1812     -7
1813     -6
1814     -7
1815     -6
1816     -7
1817     -7
1818     -6
1819     -6
1820     -5
1821     -5
1822     -5
1823     -5
1824     -4
1825     -4
1826     -5
1827     -5
1828     -4
1829     -4
1830     -3
1831     -2
1832     -4
1833     -2
1834     -2
1835     -2
1836     -2
1837     -1
1838     -2
1839     -1
1840     0
1841     -1
1842     0
1843     0
1844     0
1845     1
1846     1
1847     1
1848     1
1849     2
1850     1
1851     2
1852     2
1853     2
1854     2
1855     4
1856     3
1857     3
1858     3
1859     4
1860     4
1861     5
1862     5
1863     6
1864     5
1865     6
1866     6
1867     6
1868     6
1869     6
1870     6
1871     6
1872     6
1873     7
1874     8
1875     8
1876     8
1877     8
1878     8
1879     8
1880     8
1881     9
1882     9
1883     10
1884     9
1885     10
1886     10
1887     10
1888     11
1889     11
1890     11
1891     11
1892     11
1893     12
1894     12
1895     11
1896     12
1897     12
1898     12
1899     13
1900     13
1901     13
1902     13
1903     13
1904     13
1905     14
1906     14
1907     14
1908     15
1909     14
1910     14
1911     15
1912     15
1913     15
1914     15
1915     16
1916     16
1917     16
1918     17
1919     16
1920     16
1921     16
1922     16
1923     17
1924     17
1925     17
1926     17
1927     17
1928     17
1929     17
1930     17
1931     18
1932     18
1933     18
1934     17
1935     18
1936     18
1937     19
1938     18
1939     18
1940     19
1941     19
1942     18
1943     19
1944     19
1945     18
1946     19
1947     19
1948     19
1949     20
1950     19
1951     19
1952     20
1953     19
1954     19
1955     20
1956     19
1957     19
1958     20
1959     20
1960     20
1961     20
1962     19
1963     20
1964     19
1965     20
1966     20
1967     19
1968     20
1969     20
1970     20
1971     20
1972     20
1973     20
1974     20
1975     20
1976     20
1977     20
1978     20
1979     20
1980     20
1981     20
1982     21
1983     20
1984     20
1985     20
1986     20
1987     20
1988     20
1989     20
1990     20
1991     20
1992     19
1993     19
1994     20
1995     20
1996     20
1997     20
1998     19
1999     20
2000     20
2001     19
2002     19
2003     19
2004     20
2005     19
2006     19
2007     18
2008     18
2009     19
2010     18
2011     18
2012     18
2013     18
2014     18
2015     18
2016     18
2017     18
2018     18
2019     18
2020     18
2021     18
2022     17
2023     17
2024     16
2025     16
2026     16
2027     16
2028     16
2029     17
2030     16
2031     16
2032     15
2033     16
2034     15
2035     16
2036     15
2037     15
2038     15
2039     14
2040     15
2041     14
2042     15
2043     14
2044     14
2045     14
2046     14
2047     13
2048     13
2049     13
2050     13
2051     13
2052     12
2053     12
2054     12
2055     11
2056     12
2057     10
2058     11
2059     11
2060     11
2061     11
2062     10
2063     9
2064     10
2065     10
2066     9
2067     9
2068     10
2069     9
2070     8
2071     8
2072     8
2073     8
2074     7
2075     8
2076     6
2077     7
2078     7
2079     6
2080     7
2081     6
2082     6
2083     5
2084     5
2085     6
2086     5
2087     4
2088     4
2089     4
2090     4
2091     4
2092     4
2093     3
2094     3
2095     2
2096     3
2097     3
2098     2
2099     2
2100     2
2101     2
2102     1
2103     1
2104     1
2105     0
2106     1
2107     0
2108     0
2109     -1
2110     -1
2111     -2
2112     -1
2113     -2
2114     -2
2115     -2
2116     -2
2117     -2
2118     -2
2119     -3
2120     -4
2121     -3
2122     -4
2123     -3
2124     -5
2125     -4
2126     -4
2127     -5
2128     -5
2129     -5
2130     -6
2131     -6
2132     -7
2133     -7
2134     -6
2135     -7
2136     -7
2137     -7
2138     -7
2139     -7
2140     -7
2141     -9
2142     -8
2143     -9
2144     -9
2145     -9
2146     -10
2147     -9
2148     -10
2149     -10
2150     -10
2151     -11
2152     -10
2153     -11
2154     -11
2155     -11
2156     -11
2157     -12
2158     -11
2159     -12
2160     -12
2161     -12
2162     -12
2163     -13
2164     -13
2165     -12
2166     -14
2167     -14
2168     -14
2169     -14
2170     -14
2171     -14
2172     -15
2173     -15
2174     -14
2175     -15
2176     -15
2177     -15
2178     -15
2179     -16
2180     -17
2181     -16
2182     -16
2183     -16
2184     -15
2185     -16
2186     -17
2187     -16
2188     -17
2189     -17
2190     -17
2191     -17
2192     -17
2193     -17
2194     -18
2195     -18
2196     -19
2197     -18
2198     -17
2199     -18
2200     -19
2201     -19
2202     -19
2203     -18
2204     -19
2205     -18
