1     1
2     1
3     -1
4     -2
5     -3
6     -3
7     -5
8     -5
9     -6
10     -6
11     -7
12     -7
13     -7
14     -7
15     -7
16     -6
17     -6
18     -6
19     -5
20     -4
21     -4
22     -3
23     -1
24     -1
25     0
26     2
27     2
28     3
29     5
30     5
31     5
32     6
33     6
34     7
35     8
36     7
37     8
38     7
39     6
40     6
41     6
42     5
43     3
44     3
45     2
46     0
47     0
48     -2
49     -3
50     -5
51     -6
52     -3
53     -1
54     1
55     2
56     2
57     3
58     3
59     5
60     6
61     6
62     6
63     6
64     8
65     7
66     7
67     7
68     6
69     6
70     5
71     5
72     4
73     3
74     2
75     1
76     0
77     -1
78     -2
79     -3
80     -4
81     -5
82     -5
83     -6
84     -7
85     -7
86     -7
87     -7
88     -7
89     -7
90     -6
91     -6
92     -5
93     -5
94     -4
95     -3
96     -3
97     -2
98     0
99     1
100     3
101     3
102     3
103     4
104     6
105     6
106     7
107     7
108     7
109     7
110     6
111     6
112     7
113     6
114     6
115     4
116     3
117     3
118     1
119     1
120     0
121     -1
122     -1
123     -3
124     -3
125     -5
126     -6
127     -5
128     -7
129     -7
130     -7
131     -7
132     -7
133     -7
134     -7
135     -6
136     -6
137     -4
138     -4
139     -4
140     -3
141     -1
142     0
143     1
144     2
145     3
146     4
147     5
148     6
149     6
150     7
151     7
152     7
153     7
154     7
155     7
156     7
157     7
158     6
159     5
160     4
161     3
162     2
163     1
164     0
165     0
166     -2
167     -2
168     -3
169     -5
170     -5
171     -6
172     -6
173     -7
174     -8
175     -7
176     -7
177     -8
178     -6
179     -7
180     -6
181     -5
182     -4
183     -3
184     -3
185     -1
186     0
187     1
188     2
189     3
190     4
191     4
192     5
193     6
194     7
195     7
196     7
197     8
198     8
199     7
200     7
201     7
202     5
203     5
204     4
205     3
206     2
207     2
208     1
209     -1
210     -2
211     -3
212     -4
213     -4
214     -5
215     -6
216     -7
217     -7
218     -7
219     -6
220     -7
221     -7
222     -6
223     -6
224     -6
225     -5
226     -4
227     -4
228     -2
229     -2
230     0
231     1
232     1
233     3
234     4
235     4
236     5
237     6
238     7
239     7
240     7
241     7
242     8
243     6
244     7
245     6
246     6
247     5
248     5
249     3
250     3
251     1
252     0
253     -1
254     -2
255     -3
256     -3
257     -5
258     -5
259     -6
260     -6
261     -7
262     -7
263     -7
264     -7
265     -7
266     -7
267     -6
268     -6
269     -5
270     -4
271     -3
272     -2
273     -1
274     -1
275     1
276     1
277     3
278     3
279     4
280     5
281     6
282     6
283     7
284     7
285     7
286     7
287     7
288     7
289     6
290     5
291     6
292     4
293     4
294     2
295     2
296     1
297     0
298     -2
299     -3
300     -4
301     -4
302     -5
303     -5
304     -6
305     -7
306     -8
307     -8
308     -7
309     -8
310     -7
311     -7
312     -6
313     -5
314     -4
315     -3
316     -3
317     -2
318     -1
319     -1
320     2
321     3
322     4
323     4
324     5
325     6
326     6
327     7
328     7
329     7
330     7
331     7
332     7
333     7
334     5
335     5
336     4
337     3
338     3
339     1
340     1
341     0
342     -1
343     -2
344     -3
345     -5
346     -5
347     -5
348     -6
349     -7
350     -7
351     -7
352     -7
353     -6
354     -7
355     -7
356     -6
357     -5
358     -4
359     -4
360     -3
361     -2
362     -1
363     1
364     1
365     2
366     3
367     4
368     5
369     5
370     6
371     7
372     7
373     8
374     7
375     7
376     7
377     6
378     5
379     5
380     4
381     3
382     3
383     1
384     0
385     0
386     -2
387     -3
388     -3
389     -5
390     -5
391     -6
392     -6
393     -7
394     -7
395     -6
396     -7
397     -7
398     -7
399     -6
400     -6
401     -5
402     -4
403     -4
404     -3
405     -3
406     -1
407     0
408     1
409     2
410     4
411     4
412     4
413     5
414     6
415     6
416     7
417     7
418     7
419     7
420     6
421     7
422     6
423     6
424     4
425     3
426     3
427     2
428     1
429     0
430     0
431     -2
432     -3
433     -4
434     -5
435     -5
436     -6
437     -7
438     -7
439     -7
440     -7
441     -7
442     -7
443     -7
444     -5
445     -5
446     -6
447     -4
448     -3
449     -2
450     -1
451     0
452     1
453     2
454     2
455     4
456     5
457     5
458     5
459     7
460     6
461     6
462     7
463     7
464     7
465     8
466     6
467     5
468     5
469     4
470     3
471     3
472     1
473     0
474     -1
475     -2
476     -3
477     -4
478     -5
479     -5
480     -6
481     -7
482     -8
483     -8
484     -7
485     -7
486     -6
487     -6
488     -6
489     -5
490     -5
491     -3
492     -3
493     -3
494     -1
495     0
496     1
497     2
498     2
499     4
500     4
501     6
502     7
503     6
504     7
505     7
506     7
507     7
508     8
509     6
510     6
511     5
512     5
513     4
514     3
515     1
516     1
517     0
518     -1
519     -2
520     -4
521     -4
522     -4
523     -5
524     -6
525     -6
526     -7
527     -7
528     -7
529     -7
530     -7
531     -7
532     -6
533     -6
534     -4
535     -3
536     -3
537     -3
538     -1
539     -1
540     1
541     3
542     4
543     3
544     5
545     6
546     6
547     6
548     7
549     7
550     7
551     7
