1     18
2     18
3     19
4     19
5     19
6     20
7     20
8     20
9     20
10     21
11     20
12     20
13     21
14     21
15     21
16     20
17     20
18     20
19     20
20     19
21     20
22     19
23     19
24     18
25     18
26     16
27     17
28     16
29     15
30     15
31     14
32     14
33     14
34     13
35     11
36     11
37     10
38     10
39     9
40     8
41     6
42     7
43     6
44     4
45     4
46     3
47     2
48     0
49     0
50     -1
51     -1
52     -3
53     -4
54     -5
55     -5
56     -6
57     -7
58     -7
59     -8
60     -9
61     -9
62     -10
63     -10
64     -12
65     -13
66     -14
67     -14
68     -15
69     -15
70     -15
71     -16
72     -17
73     -18
74     -18
75     -18
76     -18
77     -18
78     -19
79     -19
80     -20
81     -20
82     -21
83     -21
84     -20
85     -21
86     -20
87     -21
88     -20
89     -20
90     -20
91     -20
92     -19
93     -20
94     -19
95     -18
96     -20
97     -18
98     -18
99     -18
100     -17
101     -16
102     -16
103     -15
104     -14
105     -14
106     -13
107     -12
108     -11
109     -11
110     -10
111     -10
112     -10
113     -8
114     -7
115     -7
116     -6
117     -5
118     -4
119     -4
120     -2
121     -2
122     -1
123     1
124     0
125     2
126     3
127     4
128     4
129     6
130     6
131     7
132     9
133     8
134     10
135     10
136     11
137     12
138     13
139     13
140     14
141     14
142     15
143     16
144     17
145     17
146     18
147     17
148     18
149     19
150     19
151     20
152     19
153     20
154     20
155     21
156     21
157     21
158     20
159     21
160     21
161     20
162     21
163     20
164     20
165     19
166     20
167     20
168     20
169     18
170     19
171     18
172     18
173     17
174     16
175     17
176     16
177     14
178     14
179     15
180     13
181     12
182     12
183     12
184     11
185     10
186     9
187     9
188     6
189     6
190     6
191     5
192     4
193     3
194     2
195     1
196     0
197     -2
198     -1
199     -2
200     -4
201     -3
202     -5
203     -6
204     -7
205     -7
206     -9
207     -9
208     -10
209     -10
210     -11
211     -12
212     -13
213     -13
214     -14
215     -14
216     -16
217     -15
218     -17
219     -17
220     -17
221     -18
222     -19
223     -19
224     -19
225     -19
226     -20
227     -19
228     -20
229     -20
230     -19
231     -21
232     -20
233     -21
234     -19
235     -20
236     -20
237     -21
238     -20
239     -20
240     -19
241     -19
242     -20
243     -18
244     -19
245     -18
246     -18
247     -17
248     -16
249     -15
250     -15
251     -14
252     -14
253     -14
254     -13
255     -12
256     -12
257     -11
258     -10
259     -3
260     -2
261     -1
262     -1
263     0
264     1
265     2
266     3
267     4
268     4
269     5
270     6
271     2
272     6
273     7
274     8
275     9
276     9
277     11
278     11
279     12
280     13
281     13
282     14
283     15
284     16
285     16
286     16
287     17
288     18
289     18
290     18
291     19
292     19
293     19
294     20
295     19
296     20
297     20
298     20
299     20
300     21
301     21
302     21
303     21
304     21
305     20
306     20
307     20
308     19
309     19
310     19
311     19
312     18
313     18
314     17
315     17
316     16
317     16
318     14
319     14
320     14
321     14
322     13
323     12
324     11
325     11
326     10
327     9
328     9
329     8
330     7
331     6
332     5
333     4
334     4
335     2
336     2
337     1
338     1
339     -1
340     -2
341     -3
342     -4
343     -4
344     -6
345     -5
346     -7
347     -6
348     -9
349     -9
350     -9
351     -11
352     -11
353     -12
354     -13
355     -14
356     -14
357     -15
358     -15
359     -16
360     -17
361     -16
362     -18
363     -18
364     -18
365     -18
366     -19
367     -19
368     -20
369     -20
370     -20
371     -20
372     -21
373     -20
374     -20
375     -20
376     -20
377     -21
378     -20
379     -20
380     -20
381     -20
382     -20
383     -19
384     -19
385     -19
386     -19
387     -18
388     -17
389     -17
390     -16
391     -16
392     -15
393     -15
394     -14
395     -14
396     -12
397     -12
398     -11
399     -10
400     -10
401     -9
402     -9
403     -7
404     -7
405     -5
406     -4
407     -4
408     -4
409     -2
410     -1
411     -1
412     0
413     1
414     2
415     3
416     4
417     5
418     5
419     6
420     7
421     8
422     9
423     10
424     11
425     10
426     12
427     12
428     13
429     14
430     14
431     15
432     15
433     17
434     16
435     17
436     17
437     18
438     19
439     20
440     20
441     20
442     20
443     19
444     20
445     20
446     21
447     21
448     21
449     21
450     20
451     20
452     21
453     20
454     20
455     20
456     19
457     18
458     18
459     19
460     18
461     17
462     17
463     16
464     16
465     16
466     15
467     14
468     13
469     13
470     12
471     12
472     11
473     10
474     9
475     9
476     8
477     7
478     7
479     6
480     4
481     4
482     3
483     2
484     1
485     0
486     -1
487     -2
488     -3
489     -4
490     -4
491     -5
492     -7
493     -7
494     -8
495     -8
496     -9
497     -10
498     -11
499     -12
500     -12
501     -13
502     -14
503     -14
504     -14
505     -16
506     -17
507     -17
508     -17
509     -18
510     -18
511     -18
512     -18
513     -19
514     -19
515     -20
516     -19
517     -20
518     -20
519     -20
520     -20
521     -20
522     -21
523     -20
524     -20
525     -21
526     -20
527     -19
528     -20
529     -20
530     -18
531     -19
532     -18
533     -17
534     -18
535     -17
536     -17
537     -17
538     -16
539     -15
540     -14
541     -13
542     -13
543     -13
544     -12
545     -10
546     -10
547     -10
548     -8
549     -8
550     -8
551     -6
552     -6
553     -5
554     -4
555     -3
556     -2
557     -2
558     0
559     1
560     1
561     2
562     3
563     5
564     5
565     5
566     6
567     7
568     8
569     9
570     9
571     10
572     11
573     12
574     12
575     13
576     14
577     15
578     16
579     16
580     16
581     17
582     17
583     18
584     18
585     19
586     19
587     19
588     19
589     20
590     20
591     21
592     20
593     20
594     20
595     20
596     21
597     20
598     20
599     20
600     19
601     20
602     20
603     19
604     20
605     19
606     18
607     17
608     18
609     17
610     17
611     16
612     16
613     14
614     14
615     13
616     13
617     12
618     12
619     10
620     10
621     9
622     8
623     8
624     7
625     6
626     6
627     4
628     4
629     3
630     2
631     1
632     1
633     -1
634     -2
635     -2
636     -3
637     -4
638     -4
639     -6
640     -6
641     -7
642     -8
643     -9
644     -10
645     -10
646     -11
647     -13
648     -12
649     -13
650     -14
651     -15
652     -15
653     -15
654     -16
655     -17
656     -18
657     -17
658     -19
659     -18
660     -18
661     -19
662     -20
663     -19
664     -20
665     -20
666     -20
667     -21
668     -19
669     -20
670     -20
671     -20
672     -20
673     -20
674     -20
675     -19
676     -19
677     -19
678     -19
679     -18
680     -18
681     -18
682     -17
683     -17
684     -16
685     -16
686     -15
687     -16
688     -13
689     -13
690     -13
691     -12
692     -12
693     -9
694     -10
695     -9
696     -8
697     -7
698     -6
699     -5
700     -5
701     -4
702     -3
703     -2
704     -1
705     0
706     0
707     1
708     2
709     3
710     4
711     5
712     6
713     6
714     7
715     8
716     9
717     10
718     11
719     11
720     11
721     13
722     13
723     15
724     15
725     15
726     16
727     17
728     16
729     18
730     17
731     18
732     19
733     18
734     19
735     20
736     19
737     20
738     20
739     20
740     20
741     21
742     20
743     20
744     21
745     20
746     21
747     20
748     19
749     20
750     19
751     19
752     19
753     18
754     18
755     17
756     18
757     16
758     16
759     15
760     15
761     15
762     13
763     13
764     13
765     12
766     11
767     10
768     10
769     8
770     8
771     6
772     6
773     5
774     5
775     4
776     3
777     2
778     1
779     0
780     -1
781     -2
782     -3
783     -3
784     -4
785     -5
786     -5
787     -7
788     -8
789     -8
790     -8
791     -10
792     -10
793     -12
794     -12
795     -12
796     -14
797     -14
798     -15
799     -15
800     -16
801     -16
802     -17
803     -17
804     -18
805     -18
806     -18
807     -18
808     -19
809     -19
810     -20
811     -21
812     -20
813     -21
814     -20
815     -20
816     -21
817     -20
818     -21
819     -20
820     -20
821     -20
822     -20
823     -19
824     -19
825     -19
826     -18
827     -18
828     -17
829     -18
830     -16
831     -17
832     -16
833     -15
834     -15
835     -14
836     -13
837     -13
838     -12
839     -11
840     -11
841     -9
842     -9
843     -9
844     -7
845     -7
846     -6
847     -5
848     -3
849     -3
850     -2
851     -2
852     -1
853     0
854     1
855     2
856     3
857     4
858     5
859     5
860     6
861     7
862     8
863     9
864     10
865     10
866     11
867     12
868     13
869     13
870     14
871     15
872     15
873     16
874     16
875     17
876     18
877     18
878     19
879     19
880     19
881     19
882     20
883     19
884     20
885     20
886     20
887     21
888     20
889     20
890     21
891     20
892     20
893     21
894     20
895     19
896     20
897     20
898     19
899     19
900     19
901     19
902     18
903     17
904     17
905     16
906     16
907     15
908     14
909     13
910     12
911     13
912     12
913     10
914     11
915     10
916     9
917     8
918     7
919     6
920     5
921     5
922     3
923     3
924     2
925     1
926     1
927     -1
928     -1
929     -3
930     -4
931     -4
932     -4
933     -6
934     -7
935     -7
936     -8
937     -9
938     -10
939     -11
940     -11
941     -11
942     -13
943     -13
944     -14
945     -14
946     -15
947     -15
948     -17
949     -16
950     -17
951     -19
952     -18
953     -19
954     -19
955     -20
956     -20
957     -20
958     -20
959     -21
960     -20
961     -20
962     -21
963     -21
964     -20
965     -21
966     -20
967     -21
968     -20
969     -20
970     -19
971     -20
972     -19
973     -19
974     -18
975     -18
976     -17
977     -17
978     -16
979     -17
980     -15
981     -14
982     -14
983     -13
984     -12
985     -12
986     -11
987     -11
988     -9
989     -8
990     -8
991     -7
992     -6
993     -5
994     -5
995     -4
996     -4
997     -2
998     -1
999     -1
1000     1
1001     1
1002     2
1003     3
1004     4
1005     5
1006     5
1007     7
1008     7
1009     8
1010     9
1011     10
1012     10
1013     10
1014     12
1015     13
1016     13
1017     14
1018     14
1019     15
1020     16
1021     17
1022     17
1023     17
1024     18
1025     18
1026     18
1027     20
1028     19
1029     19
1030     19
1031     20
1032     21
1033     19
1034     21
1035     21
1036     21
1037     20
1038     21
1039     20
1040     21
1041     20
1042     20
1043     19
1044     19
1045     18
1046     19
1047     18
1048     18
1049     18
1050     17
1051     16
1052     16
1053     15
1054     15
1055     15
1056     14
1057     14
1058     12
1059     11
1060     11
1061     10
1062     10
1063     9
1064     8
1065     7
1066     6
1067     5
1068     4
1069     4
1070     3
1071     2
1072     1
1073     0
1074     0
1075     -2
1076     -3
1077     -4
1078     -4
1079     -6
1080     -6
1081     -7
1082     -8
1083     -8
1084     -9
1085     -10
1086     -11
1087     -12
1088     -12
1089     -13
1090     -14
1091     -14
1092     -14
1093     -16
1094     -16
1095     -16
1096     -17
1097     -18
1098     -18
1099     -18
1100     -18
1101     -19
1102     -20
1103     -19
1104     -19
1105     -19
1106     -20
1107     -20
1108     -21
1109     -20
1110     -20
1111     -20
1112     -20
1113     -20
1114     -20
1115     -21
1116     -20
1117     -19
1118     -19
1119     -19
1120     -19
1121     -18
1122     -18
1123     -18
1124     -17
1125     -16
1126     -15
1127     -15
1128     -15
1129     -13
1130     -13
1131     -12
1132     -13
1133     -11
1134     -10
1135     -10
1136     -9
1137     -8
1138     -7
1139     -6
1140     -6
1141     -5
1142     -4
1143     -3
1144     -2
1145     -2
1146     -1
1147     1
1148     1
1149     2
1150     3
1151     3
1152     5
1153     5
1154     6
1155     8
1156     9
1157     8
1158     10
1159     10
1160     11
1161     12
1162     13
1163     13
1164     14
1165     15
1166     14
1167     16
1168     17
1169     17
1170     17
1171     17
1172     18
1173     18
1174     19
1175     19
1176     21
1177     20
1178     20
1179     20
1180     20
1181     21
1182     21
1183     20
1184     20
1185     21
1186     21
1187     20
1188     20
1189     20
1190     20
1191     19
1192     19
1193     19
1194     18
1195     19
1196     18
1197     17
1198     17
1199     16
1200     15
1201     15
1202     14
1203     14
1204     13
1205     13
1206     11
1207     11
1208     11
1209     8
1210     9
1211     8
1212     7
1213     6
1214     6
1215     4
1216     3
1217     3
1218     2
1219     2
1220     0
1221     0
1222     -2
1223     -3
1224     -3
1225     -5
1226     -6
1227     -6
1228     -7
1229     -7
1230     -8
1231     -9
1232     -11
1233     -11
1234     -11
1235     -12
1236     -13
1237     -13
1238     -15
1239     -15
1240     -15
1241     -16
1242     -17
1243     -18
1244     -17
1245     -17
1246     -18
1247     -19
1248     -19
1249     -20
1250     -20
1251     -20
1252     -20
1253     -20
1254     -21
1255     -20
1256     -20
1257     -20
1258     -21
1259     -21
1260     -20
1261     -20
1262     -20
1263     -19
1264     -20
1265     -19
1266     -19
1267     -19
1268     -18
1269     -18
1270     -17
1271     -17
1272     -16
1273     -15
1274     -15
1275     -14
1276     -14
1277     -13
1278     -12
1279     -11
1280     -11
1281     -10
1282     -9
1283     -9
1284     -8
1285     -8
1286     -6
1287     -6
1288     -5
1289     -5
1290     -3
1291     -3
1292     -1
1293     -1
1294     1
1295     1
1296     2
1297     3
1298     4
1299     5
1300     5
1301     6
1302     7
1303     7
1304     9
1305     10
1306     11
1307     11
1308     11
1309     12
1310     14
1311     13
1312     15
1313     15
1314     16
1315     16
1316     17
1317     17
1318     18
1319     18
1320     18
1321     19
1322     20
1323     20
1324     19
1325     20
1326     20
1327     19
1328     21
1329     20
1330     20
1331     20
1332     20
1333     21
1334     20
1335     19
1336     19
1337     20
1338     20
1339     19
1340     19
1341     19
1342     18
1343     18
1344     16
1345     16
1346     16
1347     15
1348     15
1349     14
1350     14
1351     13
1352     13
1353     11
1354     11
1355     10
1356     9
1357     9
1358     8
1359     7
1360     6
1361     6
1362     4
1363     4
1364     3
1365     1
1366     1
1367     0
1368     -2
1369     -2
1370     -3
1371     -3
1372     -4
1373     -5
1374     -6
1375     -7
1376     -7
1377     -8
1378     -10
1379     -9
1380     -11
1381     -11
1382     -12
1383     -13
1384     -13
1385     -15
1386     -14
1387     -15
1388     -16
1389     -16
1390     -16
1391     -17
1392     -18
1393     -19
1394     -18
1395     -19
1396     -19
1397     -19
1398     -20
1399     -20
1400     -20
1401     -20
1402     -19
1403     -21
1404     -21
1405     -19
1406     -20
1407     -20
1408     -20
1409     -20
1410     -20
1411     -19
1412     -20
1413     -19
1414     -18
1415     -18
1416     -18
1417     -17
1418     -16
1419     -17
1420     -16
1421     -15
1422     -14
1423     -14
1424     -14
1425     -13
1426     -12
1427     -11
1428     -11
1429     -9
1430     -8
1431     -8
1432     -7
1433     -7
1434     -6
1435     -5
1436     -5
1437     -3
1438     -3
1439     -2
1440     -1
1441     0
1442     2
1443     2
1444     3
1445     4
1446     4
1447     5
1448     7
1449     7
1450     8
1451     8
1452     10
1453     11
1454     12
1455     12
1456     12
1457     13
1458     14
1459     15
1460     15
1461     16
1462     17
1463     17
1464     17
1465     18
1466     19
1467     19
1468     18
1469     18
1470     20
1471     20
1472     20
1473     20
1474     20
1475     20
1476     21
1477     20
1478     20
1479     20
1480     21
1481     21
1482     20
1483     19
1484     20
1485     20
1486     19
1487     19
1488     19
1489     18
1490     17
1491     17
1492     17
1493     16
1494     16
1495     15
1496     14
1497     14
1498     13
1499     13
1500     11
1501     11
1502     10
1503     10
1504     9
1505     7
1506     7
1507     6
1508     5
1509     5
1510     3
1511     3
1512     1
1513     1
1514     0
1515     0
1516     -2
1517     -3
1518     -4
1519     -4
1520     -5
1521     -6
1522     -7
1523     -8
1524     -9
1525     -9
1526     -10
1527     -10
1528     -12
1529     -12
1530     -13
1531     -13
1532     -14
1533     -15
1534     -15
1535     -16
1536     -17
1537     -16
1538     -17
1539     -17
1540     -18
1541     -18
1542     -19
1543     -19
1544     -20
1545     -20
1546     -20
1547     -20
1548     -20
1549     -20
1550     -21
1551     -21
1552     -20
1553     -20
1554     -20
1555     -19
1556     -19
1557     -20
1558     -19
1559     -19
1560     -20
1561     -18
1562     -18
1563     -18
1564     -17
1565     -17
1566     -16
1567     -16
1568     -15
1569     -15
1570     -14
1571     -14
1572     -13
1573     -13
1574     -12
1575     -11
1576     -10
1577     -10
1578     -8
1579     -7
1580     -6
1581     -6
1582     -5
1583     -4
1584     -4
1585     -2
1586     -2
1587     0
1588     0
1589     1
1590     1
1591     3
1592     4
1593     5
1594     4
1595     7
1596     7
1597     9
1598     9
1599     10
1600     10
1601     11
1602     12
1603     13
1604     13
1605     13
1606     14
1607     15
1608     15
1609     16
1610     16
1611     17
1612     18
1613     19
1614     18
1615     19
1616     20
1617     19
1618     20
1619     20
1620     19
1621     21
1622     20
1623     21
1624     20
1625     22
1626     20
1627     21
1628     20
1629     19
1630     20
1631     20
1632     19
1633     19
1634     19
1635     18
1636     17
1637     18
1638     17
1639     17
1640     15
1641     16
1642     14
1643     14
1644     12
1645     13
1646     13
1647     11
1648     11
1649     11
1650     9
1651     9
1652     7
1653     7
1654     6
1655     5
1656     4
1657     3
1658     3
1659     2
1660     1
1661     0
1662     -1
1663     -1
1664     -2
1665     -4
1666     -5
1667     -5
1668     -6
1669     -7
1670     -7
1671     -9
1672     -9
1673     -9
1674     -11
1675     -11
1676     -12
1677     -13
1678     -14
1679     -14
1680     -14
1681     -15
1682     -16
1683     -16
1684     -17
1685     -18
1686     -18
1687     -18
1688     -19
1689     -18
1690     -19
1691     -19
1692     -20
1693     -20
1694     -21
1695     -21
1696     -20
1697     -20
1698     -21
1699     -20
1700     -20
1701     -20
1702     -20
1703     -21
1704     -19
1705     -19
1706     -20
1707     -19
1708     -18
1709     -17
1710     -17
1711     -17
1712     -16
1713     -16
1714     -16
1715     -15
1716     -14
1717     -15
1718     -13
1719     -12
1720     -12
1721     -11
1722     -10
1723     -10
1724     -9
1725     -8
1726     -7
1727     -7
1728     -6
1729     -5
1730     -4
1731     -3
1732     -2
1733     -1
1734     -1
1735     0
1736     1
1737     2
1738     3
1739     3
1740     4
1741     6
1742     6
1743     7
1744     8
1745     9
1746     9
1747     11
1748     11
1749     12
1750     12
1751     14
1752     14
1753     15
1754     15
1755     15
1756     16
1757     16
1758     17
1759     17
1760     18
1761     19
1762     19
1763     19
1764     19
1765     20
1766     20
1767     20
1768     21
1769     20
1770     20
1771     21
1772     21
1773     21
1774     21
1775     20
1776     20
1777     21
1778     20
1779     20
1780     19
1781     18
1782     18
1783     17
1784     18
1785     18
1786     17
1787     16
1788     15
1789     15
1790     13
1791     14
1792     12
1793     12
1794     11
1795     12
1796     10
1797     10
1798     9
1799     8
1800     7
1801     6
1802     5
1803     5
1804     4
1805     3
1806     2
1807     1
1808     0
1809     -1
1810     -1
1811     -2
1812     -4
1813     -4
1814     -5
1815     -6
1816     -7
1817     -8
1818     -8
1819     -10
1820     -10
1821     -10
1822     -11
1823     -13
1824     -13
1825     -14
1826     -15
1827     -15
1828     -16
1829     -17
1830     -17
1831     -17
1832     -17
1833     -18
1834     -18
1835     -18
1836     -19
1837     -20
1838     -19
1839     -20
1840     -21
1841     -21
1842     -20
1843     -20
1844     -21
1845     -20
1846     -21
1847     -21
1848     -21
1849     -20
1850     -20
1851     -19
1852     -19
1853     -19
1854     -19
1855     -18
1856     -18
1857     -18
1858     -17
1859     -17
1860     -17
1861     -17
1862     -15
1863     -14
1864     -14
1865     -13
1866     -13
1867     -11
1868     -12
1869     -10
1870     -9
1871     -9
1872     -8
1873     -7
1874     -7
1875     -7
1876     -4
1877     -4
1878     -3
1879     -1
1880     -2
1881     -1
1882     0
1883     2
1884     2
1885     3
1886     4
1887     5
1888     6
1889     6
1890     6
1891     8
1892     8
1893     10
1894     10
1895     11
1896     12
1897     12
1898     13
1899     14
1900     15
1901     15
1902     16
1903     16
1904     16
1905     17
1906     19
1907     18
1908     18
1909     19
1910     19
1911     20
1912     20
1913     20
1914     21
1915     20
1916     20
1917     20
1918     21
1919     20
1920     21
1921     21
1922     21
1923     20
1924     20
1925     19
1926     19
1927     19
1928     19
1929     19
1930     18
1931     19
1932     17
1933     17
1934     16
1935     16
1936     15
1937     15
1938     14
1939     13
1940     12
1941     11
1942     11
1943     10
1944     10
1945     9
1946     7
1947     7
1948     5
1949     5
1950     5
1951     4
1952     3
1953     2
1954     1
1955     0
1956     -1
1957     -2
1958     -3
1959     -4
1960     -5
1961     -5
1962     -6
1963     -7
1964     -8
1965     -8
1966     -9
1967     -10
1968     -11
1969     -11
1970     -12
1971     -13
1972     -14
1973     -14
1974     -15
1975     -16
1976     -17
1977     -16
1978     -17
1979     -17
1980     -18
1981     -18
1982     -19
1983     -19
1984     -19
1985     -20
1986     -19
1987     -21
1988     -20
1989     -20
1990     -20
1991     -20
1992     -21
1993     -20
1994     -20
1995     -20
1996     -20
1997     -20
1998     -20
1999     -19
2000     -20
2001     -19
2002     -19
2003     -18
2004     -18
2005     -17
2006     -17
2007     -16
2008     -16
2009     -15
2010     -15
2011     -13
2012     -13
2013     -12
2014     -12
2015     -10
2016     -10
2017     -10
2018     -8
2019     -8
2020     -7
2021     -6
2022     -6
2023     -5
2024     -3
2025     -3
2026     -2
2027     -2
2028     -1
2029     0
2030     2
2031     2
2032     2
2033     4
2034     4
2035     6
2036     6
2037     7
2038     8
2039     9
2040     10
2041     10
2042     11
2043     11
2044     13
2045     14
2046     14
2047     15
2048     15
2049     16
2050     16
2051     17
2052     17
2053     19
2054     18
2055     18
2056     19
2057     20
2058     19
2059     19
2060     20
2061     20
2062     20
2063     20
2064     20
2065     20
2066     21
2067     20
2068     21
2069     20
2070     21
2071     20
2072     19
2073     20
2074     19
2075     19
2076     18
2077     18
2078     18
2079     17
2080     17
2081     16
2082     16
2083     15
2084     15
2085     13
2086     12
2087     12
2088     12
2089     11
2090     10
2091     9
2092     9
2093     8
2094     7
2095     7
2096     5
2097     5
2098     4
2099     3
2100     2
2101     1
2102     0
2103     -1
2104     -1
2105     -3
2106     -3
2107     -4
2108     -5
2109     -6
2110     -7
2111     -8
2112     -9
2113     -10
2114     -10
2115     -11
2116     -11
2117     -13
2118     -12
2119     -14
2120     -14
2121     -15
2122     -15
2123     -16
2124     -16
2125     -16
2126     -17
2127     -17
2128     -19
2129     -18
2130     -20
2131     -19
2132     -19
2133     -20
2134     -19
2135     -20
2136     -20
2137     -20
2138     -20
2139     -21
2140     -20
2141     -20
2142     -20
2143     -21
2144     -20
2145     -20
2146     -20
2147     -20
2148     -19
2149     -19
2150     -18
2151     -18
2152     -17
2153     -17
2154     -17
2155     -15
2156     -15
2157     -15
2158     -14
2159     -13
2160     -12
2161     -13
2162     -11
2163     -11
2164     -10
2165     -9
2166     -8
2167     -8
2168     -6
2169     -6
2170     -5
2171     -4
2172     -3
2173     -2
2174     -2
2175     0
2176     0
2177     1
2178     2
2179     3
2180     5
2181     5
2182     5
2183     7
2184     7
2185     9
2186     8
2187     10
2188     11
2189     12
2190     12
2191     12
2192     13
2193     14
2194     15
2195     15
2196     16
2197     16
2198     17
2199     17
2200     17
2201     18
2202     20
2203     19
2204     19
2205     19
