1     18
2     18
3     19
4     19
5     19
6     19
7     19
8     20
9     20
10     19
11     20
12     20
13     20
14     19
15     20
16     20
17     20
18     20
19     20
20     20
21     20
22     20
23     20
24     20
25     20
26     21
27     20
28     21
29     21
30     21
31     21
32     22
33     20
34     21
35     20
36     20
37     20
38     21
39     20
40     21
41     20
42     21
43     20
44     20
45     20
46     20
47     20
48     20
49     19
50     20
51     19
52     20
53     20
54     19
55     20
56     19
57     19
58     18
59     19
60     19
61     18
62     18
63     18
64     18
65     18
66     17
67     18
68     18
69     18
70     17
71     17
72     17
73     17
74     16
75     16
76     17
77     16
78     16
79     16
80     16
81     15
82     16
83     15
84     16
85     15
86     14
87     14
88     15
89     14
90     13
91     13
92     13
93     13
94     13
95     13
96     12
97     11
98     12
99     11
100     11
101     11
102     11
103     10
104     11
105     9
106     10
107     9
108     9
109     9
110     9
111     8
112     8
113     8
114     7
115     8
116     8
117     7
118     7
119     6
120     6
121     6
122     6
123     5
124     5
125     6
126     5
127     5
128     4
129     4
130     3
131     2
132     3
133     2
134     2
135     2
136     2
137     1
138     0
139     1
140     1
141     0
142     -1
143     0
144     0
145     -1
146     -1
147     -1
148     -2
149     -2
150     -2
151     -2
152     -4
153     -4
154     -4
155     -4
156     -4
157     -5
158     -5
159     -5
160     -6
161     -6
162     -6
163     -6
164     -6
165     -7
166     -7
167     -7
168     -8
169     -8
170     -8
171     -9
172     -9
173     -9
174     -8
175     -10
176     -9
177     -10
178     -10
179     -11
180     -10
181     -11
182     -11
183     -11
184     -11
185     -11
186     -12
187     -12
188     -13
189     -12
190     -13
191     -14
192     -14
193     -13
194     -14
195     -14
196     -14
197     -15
198     -14
199     -14
200     -15
201     -16
202     -15
203     -15
204     -16
205     -16
206     -15
207     -16
208     -16
209     -17
210     -18
211     -18
212     -18
213     -18
214     -18
215     -17
216     -18
217     -18
218     -18
219     -18
220     -19
221     -18
222     -18
223     -19
224     -19
225     -19
226     -19
227     -18
228     -19
229     -19
230     -19
231     -19
232     -19
233     -19
234     -20
235     -19
236     -20
237     -20
238     -19
239     -20
240     -20
241     -21
242     -20
243     -20
244     -20
245     -20
246     -20
247     -20
248     -20
249     -21
250     -21
251     -21
252     -20
253     -20
254     -20
255     -20
256     -21
257     -21
258     -20
259     -21
260     -20
261     -20
262     -21
263     -20
264     -20
265     -20
266     -20
267     -20
268     -20
269     -19
270     -20
271     -19
272     -19
273     -19
274     -20
275     -19
276     -19
277     -20
278     -19
279     -18
280     -19
281     -19
282     -19
283     -18
284     -17
285     -19
286     -19
287     -17
288     -17
289     -18
290     -17
291     -18
292     -18
293     -17
294     -17
295     -17
296     -16
297     -17
298     -17
299     -15
300     -15
301     -16
302     -15
303     -15
304     -15
305     -15
306     -15
307     -15
308     -14
309     -14
310     -14
311     -13
312     -12
313     -13
314     -13
315     -13
316     -12
317     -12
318     -13
319     -11
320     -12
321     -11
322     -11
323     -11
324     -10
325     -10
326     -10
327     -10
328     -10
329     -10
330     -8
331     -9
332     -8
333     -9
334     -8
335     -7
336     -7
337     -7
338     -7
339     -7
340     -6
341     -6
342     -6
343     -5
344     -5
345     -5
346     -4
347     -4
348     -4
349     -3
350     -4
351     -4
352     -3
353     -3
354     -2
355     -2
356     -2
357     -1
358     -1
359     -1
360     -1
361     0
362     0
363     1
364     1
365     1
366     1
367     2
368     2
369     2
370     3
371     3
372     3
373     4
374     4
375     4
376     5
377     4
378     4
379     6
380     5
381     6
382     5
383     6
384     6
385     7
386     7
387     7
388     7
389     7
390     8
391     8
392     8
393     9
394     8
395     9
396     10
397     10
398     10
399     9
400     10
401     11
402     11
403     11
404     11
405     12
406     12
407     13
408     13
409     13
410     13
411     13
412     13
413     14
414     14
415     14
416     14
417     14
418     14
419     15
420     15
421     16
422     16
423     16
424     16
425     16
426     16
427     16
428     17
429     17
430     16
431     17
432     17
433     17
434     18
435     18
436     18
437     19
438     19
439     18
440     19
441     19
442     18
443     19
444     19
445     19
446     19
447     19
448     20
449     19
450     20
451     19
452     20
453     19
454     20
455     19
456     19
457     20
458     20
459     19
460     20
461     20
462     21
463     20
464     20
465     20
466     20
467     20
468     20
469     21
470     20
471     20
472     20
473     21
474     21
475     20
476     21
477     21
478     21
479     20
480     20
481     20
482     20
483     20
484     20
485     20
486     20
487     20
488     20
489     20
490     20
491     20
492     20
493     20
494     20
495     20
496     20
497     19
498     20
499     19
500     20
501     18
502     18
503     19
504     19
505     18
506     18
507     18
508     17
509     18
510     18
511     18
512     17
513     17
514     17
515     16
516     17
517     17
518     17
519     16
520     15
521     16
522     15
523     15
524     15
525     15
526     14
527     15
528     15
529     13
530     13
531     14
532     13
533     13
534     13
535     13
536     12
537     13
538     13
539     12
540     11
541     12
542     12
543     10
544     11
545     11
546     10
547     10
548     10
549     9
550     9
551     9
552     9
553     8
554     8
555     7
556     7
557     8
558     7
559     7
560     6
561     6
562     6
563     5
564     5
565     6
566     4
567     4
568     5
569     3
570     3
571     4
572     2
573     3
574     2
575     2
576     1
577     1
578     2
579     1
580     1
581     -1
582     1
583     -2
584     0
585     -1
586     -1
587     -1
588     -2
589     -3
590     -2
591     -3
592     -3
593     -3
594     -4
595     -4
596     -4
597     -4
598     -4
599     -5
600     -5
601     -6
602     -6
603     -6
604     -6
605     -7
606     -6
607     -6
608     -7
609     -8
610     -9
611     -9
612     -9
613     -9
614     -9
615     -9
616     -9
617     -9
618     -11
619     -11
620     -11
621     -11
622     -11
623     -12
624     -12
625     -12
626     -12
627     -12
628     -13
629     -13
630     -13
631     -14
632     -13
633     -14
634     -14
635     -14
636     -14
637     -14
638     -15
639     -15
640     -15
641     -15
642     -16
643     -16
644     -16
645     -15
646     -16
647     -16
648     -16
649     -17
650     -17
651     -18
652     -17
653     -17
654     -18
655     -18
656     -17
657     -18
658     -18
659     -18
660     -18
661     -18
662     -18
663     -18
664     -19
665     -19
666     -18
667     -19
668     -19
669     -19
670     -19
671     -19
672     -20
673     -20
674     -20
675     -20
676     -20
677     -20
678     -19
679     -20
680     -21
681     -20
682     -20
683     -19
684     -20
685     -20
686     -20
687     -20
688     -20
689     -21
690     -21
691     -21
692     -21
693     -20
694     -21
695     -20
696     -20
697     -21
698     -21
699     -21
700     -20
701     -21
702     -20
703     -20
704     -20
705     -21
706     -20
707     -20
708     -21
709     -20
710     -20
711     -20
712     -20
713     -20
714     -20
715     -19
716     -19
717     -19
718     -19
719     -20
720     -18
721     -19
722     -19
723     -19
724     -18
725     -18
726     -18
727     -18
728     -18
729     -19
730     -18
731     -17
732     -18
733     -17
734     -16
735     -17
736     -17
737     -16
738     -16
739     -16
740     -16
741     -16
742     -16
743     -16
744     -15
745     -14
746     -14
747     -14
748     -14
749     -14
750     -14
751     -14
752     -13
753     -14
754     -13
755     -13
756     -13
757     -13
758     -12
759     -12
760     -11
761     -10
762     -12
763     -12
764     -11
765     -10
766     -10
767     -10
768     -9
769     -9
770     -9
771     -9
772     -9
773     -9
774     -9
775     -7
776     -8
777     -7
778     -7
779     -7
780     -7
781     -7
782     -6
783     -5
784     -5
785     -5
786     -5
787     -4
788     -3
789     -4
790     -4
791     -4
792     -3
793     -3
794     -2
795     -3
796     -2
797     -2
798     -2
799     -2
800     -1
801     -1
802     0
803     0
804     0
805     0
806     1
807     1
808     1
809     1
810     2
811     3
812     3
813     4
814     3
815     3
816     4
817     4
818     4
819     5
820     5
821     5
822     5
823     6
824     6
825     6
826     7
827     7
828     6
829     7
830     7
831     8
832     8
833     9
834     9
835     9
836     10
837     9
838     9
839     10
840     10
841     10
842     10
843     11
844     11
845     12
846     11
847     12
848     12
849     12
850     13
851     13
852     14
853     13
854     13
855     14
856     13
857     14
858     13
859     15
860     14
861     15
862     15
863     15
864     15
865     16
866     16
867     16
868     17
869     16
870     17
871     17
872     17
873     17
874     17
875     17
876     18
877     18
878     18
879     18
880     18
881     18
882     18
883     18
884     19
885     19
886     18
887     19
888     19
889     19
890     19
891     20
892     19
893     20
894     20
895     20
896     20
897     21
898     20
899     20
900     21
901     20
902     20
903     20
904     20
905     20
906     21
907     20
908     21
909     20
910     20
911     20
912     21
913     21
914     20
915     21
916     20
917     21
918     20
919     19
920     20
921     20
922     20
923     20
924     20
925     20
926     20
927     20
928     20
929     20
930     20
931     20
932     20
933     19
934     19
935     20
936     19
937     19
938     19
939     19
940     19
941     19
942     19
943     19
944     19
945     18
946     18
947     18
948     17
949     18
950     18
951     18
952     17
953     18
954     16
955     17
956     17
957     16
958     16
959     16
960     16
961     16
962     16
963     15
964     16
965     15
966     15
967     14
968     14
969     13
970     14
971     15
972     13
973     14
974     13
975     13
976     12
977     13
978     12
979     12
980     12
981     11
982     11
983     11
984     11
985     10
986     10
987     10
988     9
989     10
990     10
991     10
992     9
993     8
994     8
995     8
996     7
997     8
998     7
999     7
1000     6
1001     6
1002     6
1003     6
1004     6
1005     6
1006     5
1007     5
1008     4
1009     4
1010     3
1011     3
1012     3
1013     3
1014     3
1015     2
1016     2
1017     2
1018     2
1019     2
1020     1
1021     1
1022     1
1023     1
1024     -1
1025     0
1026     -1
1027     -1
1028     -2
1029     -2
1030     -2
1031     -2
1032     -2
1033     -3
1034     -3
1035     -2
1036     -3
1037     -4
1038     -4
1039     -5
1040     -5
1041     -5
1042     -5
1043     -6
1044     -6
1045     -6
1046     -6
1047     -7
1048     -6
1049     -8
1050     -7
1051     -7
1052     -9
1053     -8
1054     -8
1055     -9
1056     -9
1057     -9
1058     -10
1059     -10
1060     -10
1061     -11
1062     -10
1063     -12
1064     -11
1065     -11
1066     -11
1067     -11
1068     -12
1069     -13
1070     -12
1071     -13
1072     -12
1073     -13
1074     -13
1075     -14
1076     -14
1077     -14
1078     -14
1079     -14
1080     -15
1081     -15
1082     -14
1083     -15
1084     -15
1085     -16
1086     -16
1087     -15
1088     -16
1089     -16
1090     -16
1091     -17
1092     -18
1093     -18
1094     -17
1095     -17
1096     -17
1097     -18
1098     -17
1099     -18
1100     -18
1101     -18
1102     -19
1103     -18
1104     -19
1105     -19
1106     -19
1107     -18
1108     -20
1109     -20
1110     -19
1111     -18
1112     -19
1113     -19
1114     -20
1115     -19
1116     -21
1117     -20
1118     -20
1119     -19
1120     -20
1121     -20
1122     -20
1123     -21
1124     -20
1125     -22
1126     -20
1127     -20
1128     -21
1129     -20
1130     -20
1131     -21
1132     -20
1133     -20
1134     -21
1135     -20
1136     -21
1137     -20
1138     -20
1139     -21
1140     -21
1141     -20
1142     -20
1143     -20
1144     -20
1145     -20
1146     -20
1147     -19
1148     -20
1149     -20
1150     -20
1151     -20
1152     -19
1153     -20
1154     -20
1155     -20
1156     -19
1157     -19
1158     -20
1159     -19
1160     -20
1161     -19
1162     -19
1163     -19
1164     -18
1165     -19
1166     -18
1167     -18
1168     -19
1169     -18
1170     -17
1171     -18
1172     -18
1173     -17
1174     -18
1175     -17
1176     -17
1177     -16
1178     -17
1179     -16
1180     -16
1181     -16
1182     -16
1183     -15
1184     -16
1185     -16
1186     -16
1187     -15
1188     -14
1189     -14
1190     -14
1191     -15
1192     -14
1193     -14
1194     -13
1195     -13
1196     -13
1197     -13
1198     -12
1199     -12
1200     -12
1201     -12
1202     -11
1203     -11
1204     -12
1205     -10
1206     -11
1207     -10
1208     -10
1209     -10
1210     -9
1211     -9
1212     -8
1213     -8
1214     -8
1215     -8
1216     -7
1217     -7
1218     -7
1219     -7
1220     -6
1221     -7
1222     -6
1223     -6
1224     -6
1225     -5
1226     -6
1227     -5
1228     -4
1229     -4
1230     -4
1231     -3
1232     -3
1233     -3
1234     -3
1235     -3
1236     -3
1237     -2
1238     -2
1239     -1
1240     -2
1241     -1
1242     -1
1243     0
1244     0
1245     0
1246     -1
1247     0
1248     1
1249     2
1250     1
1251     1
1252     2
1253     2
1254     3
1255     3
1256     4
1257     4
1258     4
1259     5
1260     4
1261     4
1262     6
1263     5
1264     6
1265     6
1266     7
1267     6
1268     7
1269     6
1270     7
1271     8
1272     8
1273     8
1274     8
1275     10
1276     9
1277     10
1278     10
1279     10
1280     10
1281     10
1282     10
1283     10
1284     11
1285     11
1286     12
1287     11
1288     12
1289     13
1290     12
1291     13
1292     13
1293     14
1294     14
1295     14
1296     14
1297     14
1298     14
1299     15
1300     14
1301     15
1302     15
1303     15
1304     16
1305     15
1306     17
1307     16
1308     16
1309     16
1310     16
1311     17
1312     16
1313     17
1314     17
1315     17
1316     17
1317     18
1318     18
1319     18
1320     18
1321     18
1322     18
1323     18
1324     19
1325     18
1326     19
1327     19
1328     19
1329     19
1330     19
1331     19
1332     19
1333     20
1334     20
1335     20
1336     19
1337     20
1338     20
1339     20
1340     19
1341     19
1342     20
1343     20
1344     20
1345     21
1346     20
1347     20
1348     20
1349     20
1350     20
1351     20
1352     21
1353     20
1354     20
1355     20
1356     20
1357     20
1358     20
1359     20
1360     20
1361     21
1362     20
1363     20
1364     20
1365     20
1366     20
1367     20
1368     20
1369     20
1370     20
1371     19
1372     20
1373     20
1374     20
1375     20
1376     20
1377     20
1378     19
1379     19
1380     20
1381     18
1382     19
1383     19
1384     18
1385     17
1386     17
1387     18
1388     18
1389     18
1390     18
1391     18
1392     17
1393     18
1394     17
1395     17
1396     16
1397     16
1398     16
1399     16
1400     16
1401     15
1402     16
1403     16
1404     16
1405     15
1406     16
1407     15
1408     15
1409     15
1410     14
1411     14
1412     14
1413     13
1414     13
1415     12
1416     12
1417     12
1418     13
1419     12
1420     11
1421     11
1422     11
1423     12
1424     11
1425     11
1426     10
1427     10
1428     10
1429     10
1430     9
1431     9
1432     9
1433     8
1434     7
1435     8
1436     7
1437     7
1438     7
1439     8
1440     7
1441     6
1442     7
1443     6
1444     6
1445     6
1446     6
1447     5
1448     5
1449     4
1450     3
1451     4
1452     4
1453     3
1454     3
1455     3
1456     2
1457     2
1458     2
1459     1
1460     1
1461     2
1462     0
1463     0
1464     0
1465     -1
1466     0
1467     0
1468     -1
1469     -1
1470     -1
1471     -2
1472     -2
1473     -2
1474     -2
1475     -3
1476     -3
1477     -3
1478     -5
1479     -3
1480     -5
1481     -5
1482     -5
1483     -6
1484     -6
1485     -6
1486     -6
1487     -6
1488     -7
1489     -7
1490     -8
1491     -7
1492     -8
1493     -8
1494     -8
1495     -9
1496     -9
1497     -9
1498     -10
1499     -10
1500     -10
1501     -10
1502     -11
1503     -11
1504     -11
1505     -11
1506     -11
1507     -11
1508     -12
1509     -12
1510     -13
1511     -13
1512     -13
1513     -13
1514     -13
1515     -14
1516     -14
1517     -14
1518     -14
1519     -14
1520     -15
1521     -15
1522     -15
1523     -15
1524     -15
1525     -15
1526     -16
1527     -16
1528     -17
1529     -17
1530     -16
1531     -17
1532     -16
1533     -17
1534     -17
1535     -18
1536     -17
1537     -18
1538     -17
1539     -18
1540     -18
1541     -19
1542     -19
1543     -19
1544     -18
1545     -19
1546     -19
1547     -19
1548     -20
1549     -19
1550     -20
1551     -19
1552     -20
1553     -19
1554     -19
1555     -20
1556     -19
1557     -20
1558     -20
1559     -20
1560     -19
1561     -20
1562     -20
1563     -20
1564     -20
1565     -20
1566     -19
1567     -20
1568     -20
1569     -20
1570     -21
1571     -20
1572     -20
1573     -20
1574     -21
1575     -21
1576     -20
1577     -21
1578     -21
1579     -20
1580     -20
1581     -20
1582     -19
1583     -20
1584     -21
1585     -20
1586     -20
1587     -20
1588     -20
1589     -19
1590     -20
1591     -20
1592     -20
1593     -20
1594     -20
1595     -19
1596     -20
1597     -19
1598     -20
1599     -19
1600     -19
1601     -20
1602     -18
1603     -19
1604     -19
1605     -19
1606     -19
1607     -18
1608     -18
1609     -19
1610     -18
1611     -18
1612     -18
1613     -17
1614     -17
1615     -17
1616     -17
1617     -17
1618     -16
1619     -16
1620     -16
1621     -16
1622     -15
1623     -17
1624     -16
1625     -15
1626     -15
1627     -14
1628     -15
1629     -14
1630     -14
1631     -14
1632     -13
1633     -13
1634     -14
1635     -13
1636     -14
1637     -13
1638     -13
1639     -12
1640     -12
1641     -12
1642     -12
1643     -12
1644     -12
1645     -11
1646     -10
1647     -11
1648     -11
1649     -10
1650     -9
1651     -9
1652     -9
1653     -9
1654     -8
1655     -8
1656     -8
1657     -7
1658     -8
1659     -8
1660     -7
1661     -7
1662     -7
1663     -6
1664     -7
1665     -6
1666     -5
1667     -5
1668     -5
1669     -4
1670     -5
1671     -5
1672     -3
1673     -4
1674     -3
1675     -3
1676     -3
1677     -2
1678     -3
1679     -2
1680     -1
1681     -2
1682     -1
1683     -1
1684     0
1685     0
1686     0
1687     0
1688     1
1689     1
1690     1
1691     1
1692     2
1693     2
1694     2
1695     3
1696     4
1697     3
1698     4
1699     4
1700     4
1701     4
1702     5
1703     5
1704     6
1705     6
1706     6
1707     6
1708     7
1709     7
1710     7
1711     7
1712     8
1713     8
1714     9
1715     8
1716     9
1717     9
1718     10
1719     9
1720     10
1721     10
1722     10
1723     11
1724     10
1725     11
1726     11
1727     11
1728     12
1729     12
1730     12
1731     12
1732     13
1733     13
1734     13
1735     14
1736     14
1737     14
1738     14
1739     14
1740     14
1741     15
1742     15
1743     16
1744     15
1745     15
1746     15
1747     16
1748     16
1749     16
1750     16
1751     17
1752     17
1753     16
1754     17
1755     17
1756     18
1757     17
1758     18
1759     17
1760     17
1761     18
1762     18
1763     18
1764     18
1765     19
1766     19
1767     19
1768     19
1769     19
1770     19
1771     18
1772     20
1773     19
1774     19
1775     19
1776     20
1777     19
1778     20
1779     19
1780     20
1781     20
1782     20
1783     20
1784     20
1785     21
1786     21
1787     20
1788     20
1789     20
1790     21
1791     21
1792     21
1793     20
1794     20
1795     20
1796     21
1797     20
1798     20
1799     20
1800     20
1801     20
1802     20
1803     20
1804     21
1805     20
1806     21
1807     20
1808     20
1809     20
1810     20
1811     19
1812     20
1813     20
1814     19
1815     20
1816     19
1817     19
1818     20
1819     18
1820     19
1821     20
1822     18
1823     18
1824     19
1825     19
1826     18
1827     18
1828     19
1829     19
1830     18
1831     18
1832     18
1833     17
1834     18
1835     17
1836     17
1837     16
1838     16
1839     17
1840     16
1841     16
1842     16
1843     16
1844     16
1845     15
1846     15
1847     15
1848     14
1849     15
1850     14
1851     14
1852     14
1853     13
1854     14
1855     13
1856     14
1857     12
1858     12
1859     12
1860     13
1861     12
1862     11
1863     12
1864     11
1865     11
1866     11
1867     10
1868     10
1869     10
1870     10
1871     10
1872     9
1873     9
1874     9
1875     9
1876     8
1877     9
1878     8
1879     6
1880     7
1881     6
1882     7
1883     6
1884     6
1885     6
1886     5
1887     5
1888     5
1889     5
1890     4
1891     3
1892     4
1893     3
1894     4
1895     3
1896     3
1897     2
1898     3
1899     1
1900     1
1901     1
1902     1
1903     1
1904     1
1905     0
1906     0
1907     -2
1908     -1
1909     0
1910     -1
1911     -1
1912     -1
1913     -2
1914     -2
1915     -3
1916     -3
1917     -3
1918     -3
1919     -4
1920     -4
1921     -4
1922     -5
1923     -5
1924     -6
1925     -6
1926     -6
1927     -7
1928     -6
1929     -7
1930     -7
1931     -7
1932     -7
1933     -7
1934     -8
1935     -8
1936     -9
1937     -9
1938     -9
1939     -9
1940     -10
1941     -11
1942     -10
1943     -10
1944     -11
1945     -10
1946     -12
1947     -11
1948     -11
1949     -11
1950     -12
1951     -13
1952     -13
1953     -13
1954     -13
1955     -12
1956     -13
1957     -14
1958     -14
1959     -14
1960     -14
1961     -16
1962     -14
1963     -14
1964     -15
1965     -16
1966     -15
1967     -16
1968     -15
1969     -16
1970     -16
1971     -17
1972     -17
1973     -18
1974     -16
1975     -17
1976     -18
1977     -17
1978     -18
1979     -18
1980     -18
1981     -18
1982     -18
1983     -18
1984     -18
1985     -18
1986     -19
1987     -19
1988     -19
1989     -19
1990     -19
1991     -19
1992     -19
1993     -19
1994     -19
1995     -20
1996     -20
1997     -19
1998     -20
1999     -20
2000     -20
2001     -20
2002     -19
2003     -21
2004     -20
2005     -20
2006     -20
2007     -21
2008     -20
2009     -21
2010     -21
2011     -20
2012     -21
2013     -20
2014     -21
2015     -21
2016     -20
2017     -21
2018     -21
2019     -21
2020     -20
2021     -21
2022     -20
2023     -21
2024     -20
2025     -20
2026     -20
2027     -20
2028     -19
2029     -20
2030     -20
2031     -19
2032     -20
2033     -19
2034     -20
2035     -20
2036     -19
2037     -19
2038     -19
2039     -19
2040     -19
2041     -20
2042     -20
2043     -19
2044     -19
2045     -18
2046     -19
2047     -19
2048     -18
2049     -19
2050     -18
2051     -18
2052     -17
2053     -18
2054     -17
2055     -17
2056     -17
2057     -17
2058     -17
2059     -16
2060     -17
2061     -17
2062     -16
2063     -15
2064     -16
2065     -15
2066     -15
2067     -15
2068     -16
2069     -15
2070     -15
2071     -14
2072     -14
2073     -14
2074     -14
2075     -13
2076     -13
2077     -13
2078     -13
2079     -13
2080     -12
2081     -12
2082     -12
2083     -11
2084     -11
2085     -12
2086     -11
2087     -11
2088     -10
2089     -10
2090     -10
2091     -10
2092     -9
2093     -9
2094     -10
2095     -9
2096     -8
2097     -8
2098     -8
2099     -8
2100     -8
2101     -7
2102     -7
2103     -7
2104     -5
2105     -6
2106     -6
2107     -5
2108     -6
2109     -5
2110     -4
2111     -5
2112     -5
2113     -3
2114     -3
2115     -3
2116     -3
2117     -2
2118     -2
2119     -2
2120     -1
2121     -2
2122     -1
2123     0
2124     -1
2125     0
2126     0
2127     0
2128     0
2129     1
2130     1
2131     2
2132     1
2133     2
2134     2
2135     3
2136     3
2137     2
2138     4
2139     4
2140     4
2141     5
2142     5
2143     5
2144     5
2145     6
2146     6
2147     7
2148     6
2149     7
2150     7
2151     7
2152     8
2153     7
2154     8
2155     8
2156     8
2157     9
2158     9
2159     9
2160     9
2161     10
2162     11
2163     11
2164     11
2165     11
2166     10
2167     11
2168     12
2169     12
2170     12
2171     12
2172     13
2173     13
2174     13
2175     13
2176     13
2177     13
2178     13
2179     14
2180     14
2181     14
2182     14
2183     15
2184     15
2185     15
2186     15
2187     15
2188     16
2189     16
2190     16
2191     17
2192     16
2193     17
2194     17
2195     17
2196     18
2197     17
2198     17
2199     18
2200     18
2201     18
2202     19
2203     18
2204     18
2205     18
