1     -6
2     -5
3     -3
4     -3
5     -2
6     -1
7     0
8     2
9     3
10     3
11     4
12     5
13     6
14     6
15     7
16     7
17     7
18     7
19     7
20     7
21     6
22     6
23     6
24     5
25     3
26     3
27     2
28     0
29     0
30     -1
31     -2
32     -3
33     -5
34     -5
35     -6
36     -6
37     -6
38     -7
39     -8
40     -7
41     -7
42     -8
43     -7
44     -5
45     -5
46     -4
47     -4
48     -1
49     0
50     2
51     -4
52     -7
53     -6
54     -5
55     -4
56     -4
57     -2
58     -2
59     -1
60     0
61     1
62     2
63     3
64     4
65     5
66     5
67     6
68     6
69     6
70     8
71     7
72     7
73     7
74     6
75     6
76     5
77     5
78     5
79     3
80     2
81     2
82     0
83     -1
84     -2
85     -3
86     -4
87     -5
88     -5
89     -6
90     -7
91     -6
92     -7
93     -7
94     -8
95     -6
96     -8
97     -6
98     -5
99     -5
100     -4
101     -3
102     -3
103     -1
104     -1
105     1
106     2
107     2
108     4
109     5
110     5
111     6
112     7
113     7
114     6
115     7
116     7
117     7
118     6
119     6
120     6
121     5
122     4
123     2
124     2
125     1
126     0
127     -1
128     -1
129     -4
130     -4
131     -5
132     -5
133     -6
134     -7
135     -7
136     -6
137     -7
138     -8
139     -7
140     -6
141     -6
142     -5
143     -5
144     -4
145     -4
146     -2
147     -1
148     0
149     1
150     1
151     3
152     3
153     4
154     5
155     6
156     7
157     7
158     7
159     7
160     7
161     7
162     7
163     7
164     5
165     5
166     4
167     3
168     3
169     2
170     0
171     -1
172     -1
173     -3
174     -4
175     -5
176     -6
177     -6
178     -7
179     -6
180     -7
181     -7
182     -7
183     -7
184     -7
185     -7
186     -5
187     -6
188     -5
189     -3
190     -2
191     -1
192     0
193     1
194     2
195     3
196     4
197     4
198     6
199     6
200     7
201     7
202     7
203     7
204     7
205     8
206     7
207     6
208     5
209     5
210     4
211     3
212     2
213     1
214     0
215     -1
216     -1
217     -2
218     -4
219     -4
220     -5
221     -7
222     -7
223     -7
224     -8
225     -8
226     -7
227     -7
228     -7
229     -6
230     -5
231     -5
232     -5
233     -3
234     -2
235     -2
236     -1
237     0
238     1
239     3
240     3
241     4
242     6
243     6
244     6
245     7
246     7
247     7
248     8
249     7
250     7
251     7
252     4
253     5
254     4
255     3
256     3
257     1
258     1
259     0
260     -2
261     -2
262     -3
263     -5
264     -5
265     -6
266     -6
267     -7
268     -7
269     -8
270     -7
271     -7
272     -7
273     -6
274     -7
275     -5
276     -5
277     -4
278     -2
279     -1
280     0
281     1
282     1
283     2
284     3
285     4
286     5
287     6
288     6
289     6
290     7
291     8
292     6
293     7
294     7
295     7
296     6
297     5
298     4
299     3
300     2
301     1
302     1
303     -1
304     -1
305     -2
306     -4
307     -5
308     -6
309     -6
310     -6
311     -7
312     -7
313     -8
314     -7
315     -7
316     -7
317     -6
318     -6
319     -5
320     -5
321     -3
322     -3
323     -2
324     -1
325     0
326     1
327     2
328     3
329     4
330     5
331     5
332     6
333     6
334     7
335     8
336     7
337     7
338     7
339     6
340     6
341     5
342     4
343     3
344     3
345     2
346     0
347     0
348     -1
349     -3
350     -4
351     -4
352     -5
353     -6
354     -7
355     -6
356     -7
357     -7
358     -7
359     -7
360     -7
361     -7
362     -6
363     -5
364     -4
365     -4
366     -3
367     -1
368     -1
369     0
370     0
371     3
372     3
373     4
374     5
375     6
376     6
377     7
378     7
379     7
380     7
381     6
382     7
383     7
384     6
385     5
386     4
387     4
388     3
389     2
390     1
391     0
392     -1
393     -2
394     -4
395     -4
396     -5
397     -5
398     -7
399     -6
400     -7
401     -8
402     -8
403     -7
404     -7
405     -6
406     -5
407     -5
408     -5
409     -3
410     -3
411     -2
412     0
413     0
414     1
415     3
416     3
417     4
418     6
419     6
420     6
421     6
422     6
423     7
424     8
425     7
426     6
427     7
428     6
429     6
430     4
431     3
432     3
433     2
434     1
435     -1
436     -1
437     -2
438     -3
439     -4
440     -4
441     -6
442     -6
443     -7
444     -7
445     -7
446     -7
447     -7
448     -7
449     -7
450     -6
451     -6
452     -4
453     -4
454     -2
455     -2
456     -1
457     0
458     1
459     2
460     2
461     4
462     6
463     5
464     7
465     7
466     7
467     8
468     7
469     7
470     6
471     6
472     6
473     5
474     5
475     4
476     3
477     2
478     2
479     -1
480     -2
481     -2
482     -3
483     -4
484     -5
485     -6
486     -5
487     -6
488     -6
489     -7
490     -7
491     -7
492     -6
493     -6
494     -6
495     -6
496     -5
497     -4
498     -2
499     -2
500     -1
501     0
502     1
503     2
504     3
505     4
506     4
507     5
508     6
509     6
510     8
511     7
512     8
513     7
514     7
515     6
516     6
517     5
518     5
519     5
520     3
521     3
522     1
523     0
524     -2
525     -2
526     -2
527     -4
528     -4
529     -6
530     -6
531     -6
532     -7
533     -7
534     -7
535     -7
536     -6
537     -7
538     -6
539     -6
540     -5
541     -5
542     -4
543     -3
544     -1
545     0
546     1
547     2
548     3
549     4
550     4
551     5
