1     -6
2     -6
3     -6
4     -8
5     -7
6     -7
7     -7
8     -7
9     -7
10     -7
11     -5
12     -4
13     -4
14     -3
15     -1
16     0
17     1
18     2
19     2
20     4
21     5
22     5
23     6
24     6
25     7
26     7
27     8
28     7
29     7
30     6
31     6
32     6
33     5
34     4
35     3
36     2
37     2
38     0
39     0
40     -2
41     -2
42     -3
43     -4
44     -6
45     -6
46     -7
47     -7
48     -6
49     -7
50     -7
51     -6
52     -6
53     -4
54     4
55     6
56     6
57     7
58     6
59     7
60     7
61     7
62     7
63     7
64     6
65     6
66     5
67     4
68     3
69     3
70     1
71     0
72     -1
73     -1
74     -3
75     -3
76     -4
77     -5
78     -5
79     -6
80     -7
81     -7
82     -7
83     -7
84     -8
85     -6
86     -7
87     -6
88     -5
89     -5
90     -4
91     -2
92     -2
93     -1
94     0
95     1
96     2
97     3
98     5
99     4
100     6
101     7
102     7
103     7
104     7
105     6
106     7
107     7
108     7
109     6
110     5
111     5
112     4
113     3
114     1
115     0
116     0
117     -1
118     -2
119     -3
120     -4
121     -4
122     -6
123     -7
124     -7
125     -7
126     -7
127     -7
128     -7
129     -7
130     -6
131     -6
132     -6
133     -5
134     -4
135     -3
136     -1
137     -2
138     1
139     1
140     2
141     3
142     3
143     6
144     5
145     5
146     6
147     8
148     6
149     7
150     7
151     8
152     7
153     7
154     5
155     5
156     3
157     2
158     2
159     2
160     0
161     -1
162     -2
163     -4
164     -4
165     -6
166     -5
167     -6
168     -7
169     -6
170     -7
171     -8
172     -7
173     -7
174     -7
175     -6
176     -6
177     -5
178     -3
179     -3
180     -2
181     -1
182     0
183     1
184     2
185     4
186     3
187     4
188     6
189     6
190     6
191     7
192     7
193     7
194     7
195     7
196     7
197     6
198     7
199     4
200     4
201     3
202     3
203     1
204     0
205     -2
206     -2
207     -3
208     -4
209     -5
210     -6
211     -6
212     -7
213     -7
214     -7
215     -7
216     -7
217     -7
218     -6
219     -6
220     -6
221     -5
222     -4
223     -3
224     -2
225     -1
226     0
227     1
228     2
229     4
230     4
231     4
232     6
233     6
234     6
235     7
236     7
237     7
238     8
239     7
240     6
241     6
242     5
243     5
244     3
245     3
246     2
247     1
248     0
249     -1
250     -2
251     -3
252     -3
253     -4
254     -6
255     -6
256     -5
257     -6
258     -7
259     -7
260     -7
261     -7
262     -6
263     -7
264     -6
265     -5
266     -5
267     -4
268     -1
269     -1
270     0
271     1
272     3
273     3
274     4
275     5
276     5
277     6
278     6
279     7
280     7
281     7
282     7
283     7
284     6
285     6
286     4
287     4
288     3
289     3
290     2
291     1
292     0
293     -1
294     -2
295     -3
296     -4
297     -5
298     -5
299     -6
300     -7
301     -7
302     -6
303     -8
304     -7
305     -7
306     -6
307     -6
308     -6
309     -6
310     -4
311     -3
312     -3
313     -1
314     0
315     2
316     2
317     3
318     4
319     4
320     5
321     6
322     6
323     6
324     7
325     7
326     7
327     7
328     6
329     7
330     5
331     5
332     4
333     4
334     3
335     2
336     0
337     -1
338     -2
339     -2
340     -4
341     -4
342     -5
343     -6
344     -6
345     -7
346     -6
347     -7
348     -7
349     -7
350     -6
351     -7
352     -5
353     -4
354     -4
355     -4
356     -2
357     -2
358     0
359     1
360     2
361     2
362     4
363     5
364     5
365     6
366     6
367     7
368     7
369     7
370     7
371     7
372     7
373     6
374     5
375     5
376     3
377     3
378     3
379     2
380     1
381     0
382     -1
383     -3
384     -4
385     -5
386     -6
387     -6
388     -6
389     -7
390     -7
391     -8
392     -7
393     -7
394     -7
395     -6
396     -6
397     -5
398     -4
399     -3
400     -3
401     -1
402     -1
403     1
404     1
405     2
406     4
407     5
408     5
409     5
410     6
411     7
412     7
413     6
414     7
415     7
416     7
417     6
418     6
419     5
420     5
421     3
422     3
423     2
424     1
425     0
426     -2
427     -2
428     -4
429     -4
430     -5
431     -6
432     -7
433     -6
434     -7
435     -7
436     -7
437     -7
438     -7
439     -6
440     -6
441     -5
442     -5
443     -4
444     -3
445     -2
446     -1
447     1
448     1
449     2
450     3
451     4
452     5
453     6
454     7
455     7
456     7
457     7
458     7
459     7
460     7
461     6
462     6
463     5
464     4
465     3
466     2
467     2
468     1
469     -1
470     -1
471     -2
472     -4
473     -5
474     -6
475     -6
476     -7
477     -7
478     -7
479     -7
480     -8
481     -7
482     -7
483     -6
484     -6
485     -5
486     -4
487     -3
488     -3
489     -2
490     -1
491     1
492     1
493     2
494     4
495     4
496     4
497     6
498     6
499     7
500     8
501     7
502     7
503     7
504     6
505     6
506     6
507     5
508     5
509     4
510     2
511     2
512     1
513     0
514     -1
515     -2
516     -3
517     -5
518     -4
519     -6
520     -6
521     -7
522     -7
523     -7
524     -8
525     -6
526     -6
527     -7
528     -6
529     -6
530     -4
531     -3
532     -3
533     -2
534     -1
535     1
536     1
537     2
538     3
539     4
540     5
541     5
542     6
543     6
544     7
545     7
546     7
547     7
548     7
549     6
550     6
551     5
