1     -2
2     -1
3     0
4     1
5     2
6     2
7     4
8     4
9     4
10     6
11     6
12     7
13     7
14     7
15     8
16     7
17     7
18     6
19     5
20     6
21     4
22     4
23     3
24     2
25     0
26     0
27     -2
28     -2
29     -3
30     -4
31     -5
32     -5
33     -6
34     -8
35     -7
36     -7
37     -7
38     -7
39     -7
40     -7
41     -6
42     -6
43     -4
44     -2
45     -3
46     -2
47     0
48     2
49     5
50     -1
51     -7
52     -6
53     -7
54     -7
55     -7
56     -7
57     -6
58     -6
59     -6
60     -5
61     -5
62     -4
63     -2
64     -2
65     -1
66     0
67     0
68     1
69     3
70     4
71     5
72     5
73     6
74     6
75     7
76     8
77     6
78     8
79     7
80     6
81     6
82     6
83     5
84     4
85     4
86     2
87     2
88     0
89     0
90     -2
91     -3
92     -3
93     -5
94     -5
95     -6
96     -6
97     -6
98     -7
99     -7
100     -8
101     -7
102     -6
103     -6
104     -6
105     -4
106     -4
107     -3
108     -2
109     -2
110     0
111     0
112     2
113     3
114     4
115     5
116     5
117     5
118     6
119     7
120     7
121     7
122     7
123     7
124     7
125     7
126     6
127     5
128     4
129     4
130     3
131     2
132     0
133     -1
134     -1
135     -3
136     -3
137     -5
138     -5
139     -6
140     -6
141     -7
142     -7
143     -7
144     -7
145     -7
146     -7
147     -6
148     -6
149     -5
150     -4
151     -3
152     -2
153     -2
154     0
155     1
156     1
157     3
158     4
159     5
160     5
161     6
162     6
163     7
164     7
165     8
166     7
167     8
168     7
169     7
170     6
171     5
172     4
173     3
174     3
175     2
176     0
177     -1
178     -1
179     -2
180     -3
181     -4
182     -5
183     -5
184     -6
185     -7
186     -7
187     -7
188     -7
189     -7
190     -6
191     -6
192     -6
193     -5
194     -4
195     -4
196     -3
197     -2
198     -1
199     0
200     2
201     2
202     4
203     4
204     5
205     6
206     7
207     7
208     7
209     7
210     7
211     7
212     8
213     6
214     6
215     5
216     4
217     4
218     3
219     1
220     1
221     -1
222     -1
223     -2
224     -4
225     -4
226     -6
227     -5
228     -6
229     -6
230     -6
231     -7
232     -7
233     -7
234     -6
235     -7
236     -6
237     -5
238     -4
239     -3
240     -3
241     -2
242     -1
243     1
244     1
245     2
246     4
247     4
248     6
249     6
250     7
251     7
252     7
253     7
254     8
255     7
256     7
257     7
258     6
259     5
260     4
261     4
262     2
263     1
264     1
265     -1
266     -1
267     -3
268     -3
269     -3
270     -5
271     -6
272     -5
273     -6
274     -7
275     -7
276     -8
277     -7
278     -7
279     -7
280     -6
281     -5
282     -5
283     -4
284     -2
285     -1
286     -1
287     1
288     2
289     3
290     3
291     4
292     4
293     6
294     6
295     6
296     8
297     8
298     7
299     8
300     6
301     7
302     6
303     5
304     5
305     3
306     3
307     2
308     1
309     0
310     -1
311     -2
312     -3
313     -4
314     -6
315     -5
316     -6
317     -6
318     -7
319     -7
320     -7
321     -7
322     -7
323     -7
324     -6
325     -5
326     -4
327     -4
328     -2
329     -1
330     -1
331     0
332     2
333     3
334     4
335     3
336     4
337     6
338     6
339     7
340     7
341     7
342     7
343     8
344     7
345     6
346     6
347     6
348     5
349     4
350     3
351     2
352     2
353     0
354     0
355     -2
356     -3
357     -4
358     -5
359     -5
360     -6
361     -7
362     -7
363     -7
364     -7
365     -8
366     -7
367     -7
368     -6
369     -5
370     -4
371     -3
372     -2
373     -1
374     -2
375     0
376     1
377     2
378     3
379     4
380     5
381     6
382     6
383     7
384     7
385     7
386     7
387     7
388     7
389     7
390     6
391     5
392     5
393     4
394     3
395     2
396     1
397     0
398     -1
399     -1
400     -4
401     -4
402     -4
403     -6
404     -6
405     -7
406     -6
407     -7
408     -7
409     -7
410     -7
411     -7
412     -6
413     -5
414     -5
415     -4
416     -4
417     -3
418     -1
419     0
420     1
421     1
422     3
423     4
424     5
425     7
426     6
427     7
428     6
429     7
430     7
431     7
432     7
433     6
434     6
435     6
436     5
437     4
438     3
439     2
440     1
441     0
442     -1
443     -2
444     -3
445     -4
446     -5
447     -5
448     -6
449     -7
450     -7
451     -7
452     -7
453     -7
454     -6
455     -6
456     -7
457     -6
458     -5
459     -3
460     -3
461     -2
462     0
463     0
464     1
465     2
466     3
467     4
468     4
469     5
470     6
471     7
472     7
473     7
474     7
475     7
476     7
477     7
478     6
479     6
480     6
481     4
482     4
483     2
484     2
485     0
486     -1
487     -2
488     -3
489     -4
490     -4
491     -5
492     -6
493     -7
494     -7
495     -6
496     -8
497     -7
498     -7
499     -7
500     -6
501     -5
502     -4
503     -4
504     -4
505     -2
506     -2
507     0
508     1
509     2
510     2
511     4
512     5
513     5
514     5
515     7
516     7
517     7
518     7
519     8
520     6
521     7
522     7
523     5
524     4
525     5
526     4
527     2
528     2
529     1
530     -1
531     -1
532     -3
533     -4
534     -5
535     -5
536     -6
537     -7
538     -7
539     -8
540     -8
541     -6
542     -7
543     -6
544     -6
545     -6
546     -5
547     -4
548     -3
549     -1
550     -2
551     0
