1     2
2     1
3     0
4     -2
5     -2
6     -3
7     -4
8     -5
9     -6
10     -7
11     -6
12     -6
13     -7
14     -8
15     -6
16     -6
17     -6
18     -5
19     -6
20     -4
21     -3
22     -3
23     -2
24     -1
25     0
26     1
27     3
28     3
29     4
30     5
31     5
32     6
33     6
34     7
35     6
36     7
37     7
38     7
39     7
40     5
41     6
42     4
43     4
44     2
45     2
46     0
47     0
48     0
49     -2
50     -6
51     -4
52     1
53     -2
54     -2
55     -2
56     -4
57     -4
58     -5
59     -6
60     -6
61     -6
62     -7
63     -7
64     -7
65     -6
66     -7
67     -6
68     -6
69     -5
70     -5
71     -4
72     -3
73     -1
74     -1
75     1
76     2
77     2
78     4
79     4
80     5
81     6
82     6
83     7
84     6
85     8
86     7
87     7
88     7
89     6
90     5
91     6
92     4
93     4
94     2
95     2
96     0
97     -1
98     -1
99     -3
100     -3
101     -4
102     -5
103     -5
104     -6
105     -7
106     -7
107     -7
108     -7
109     -7
110     -6
111     -6
112     -5
113     -5
114     -5
115     -4
116     -2
117     -1
118     0
119     0
120     2
121     3
122     3
123     4
124     5
125     6
126     6
127     7
128     7
129     7
130     8
131     7
132     6
133     6
134     6
135     5
136     5
137     3
138     3
139     2
140     1
141     0
142     -2
143     -2
144     -3
145     -5
146     -5
147     -5
148     -7
149     -7
150     -7
151     -6
152     -7
153     -6
154     -7
155     -6
156     -6
157     -6
158     -4
159     -3
160     -3
161     -1
162     0
163     0
164     1
165     1
166     4
167     5
168     4
169     6
170     7
171     6
172     7
173     7
174     7
175     7
176     6
177     7
178     6
179     5
180     4
181     4
182     3
183     2
184     0
185     0
186     -2
187     -3
188     -3
189     -4
190     -5
191     -6
192     -7
193     -6
194     -7
195     -7
196     -7
197     -7
198     -5
199     -7
200     -6
201     -5
202     -3
203     -3
204     -2
205     -2
206     -1
207     0
208     1
209     2
210     3
211     4
212     4
213     6
214     6
215     7
216     7
217     7
218     7
219     7
220     7
221     6
222     6
223     5
224     5
225     4
226     3
227     2
228     1
229     0
230     -1
231     -3
232     -2
233     -4
234     -5
235     -5
236     -6
237     -7
238     -6
239     -7
240     -7
241     -7
242     -7
243     -6
244     -6
245     -5
246     -4
247     -4
248     -3
249     -2
250     -1
251     0
252     2
253     3
254     3
255     4
256     6
257     6
258     6
259     7
260     7
261     7
262     8
263     7
264     7
265     6
266     5
267     5
268     5
269     4
270     3
271     2
272     2
273     0
274     -1
275     -2
276     -3
277     -4
278     -5
279     -5
280     -7
281     -7
282     -7
283     -7
284     -8
285     -7
286     -8
287     -7
288     -6
289     -5
290     -5
291     -4
292     -3
293     -2
294     -1
295     0
296     1
297     2
298     3
299     4
300     4
301     5
302     7
303     6
304     7
305     7
306     7
307     7
308     7
309     6
310     6
311     6
312     4
313     4
314     3
315     3
316     1
317     0
318     -1
319     -2
320     -3
321     -4
322     -5
323     -6
324     -6
325     -7
326     -7
327     -7
328     -8
329     -6
330     -7
331     -6
332     -6
333     -5
334     -4
335     -3
336     -3
337     -2
338     -1
339     1
340     1
341     2
342     3
343     4
344     5
345     5
346     7
347     6
348     7
349     7
350     8
351     7
352     8
353     7
354     6
355     5
356     5
357     3
358     4
359     2
360     2
361     0
362     -1
363     -1
364     -3
365     -3
366     -5
367     -5
368     -6
369     -6
370     -7
371     -7
372     -6
373     -7
374     -7
375     -6
376     -7
377     -5
378     -4
379     -4
380     -3
381     -2
382     0
383     0
384     1
385     1
386     3
387     4
388     5
389     6
390     6
391     6
392     7
393     7
394     7
395     8
396     7
397     7
398     6
399     6
400     5
401     4
402     3
403     3
404     1
405     0
406     0
407     -1
408     -3
409     -5
410     -5
411     -5
412     -6
413     -7
414     -6
415     -7
416     -7
417     -7
418     -7
419     -6
420     -6
421     -6
422     -5
423     -4
424     -3
425     -2
426     -1
427     0
428     0
429     2
430     2
431     4
432     4
433     6
434     6
435     7
436     7
437     7
438     7
439     7
440     7
441     7
442     6
443     5
444     5
445     3
446     2
447     3
448     1
449     0
450     -1
451     -2
452     -3
453     -4
454     -4
455     -5
456     -6
457     -7
458     -6
459     -7
460     -7
461     -7
462     -6
463     -7
464     -6
465     -6
466     -6
467     -4
468     -3
469     -2
470     -1
471     0
472     0
473     1
474     2
475     3
476     4
477     5
478     6
479     7
480     6
481     8
482     7
483     8
484     7
485     7
486     7
487     6
488     5
489     4
490     3
491     3
492     1
493     0
494     0
495     -2
496     -3
497     -3
498     -5
499     -5
500     -5
501     -6
502     -7
503     -7
504     -8
505     -7
506     -6
507     -7
508     -6
509     -5
510     -5
511     -4
512     -3
513     -2
514     -2
515     0
516     1
517     1
518     3
519     3
520     5
521     5
522     6
523     6
524     6
525     8
526     8
527     7
528     7
529     6
530     7
531     6
532     5
533     4
534     3
535     3
536     1
537     0
538     -1
539     -2
540     -3
541     -4
542     -5
543     -5
544     -6
545     -6
546     -6
547     -7
548     -7
549     -7
550     -7
551     -7
