1     17
2     17
3     17
4     17
5     17
6     16
7     15
8     16
9     16
10     16
11     15
12     15
13     15
14     15
15     14
16     15
17     14
18     13
19     13
20     12
21     13
22     13
23     12
24     12
25     12
26     12
27     11
28     12
29     10
30     10
31     11
32     10
33     10
34     9
35     9
36     9
37     8
38     8
39     8
40     7
41     7
42     7
43     7
44     6
45     6
46     5
47     5
48     5
49     4
50     4
51     4
52     4
53     3
54     3
55     3
56     2
57     3
58     1
59     2
60     1
61     1
62     1
63     0
64     0
65     0
66     -1
67     -1
68     -1
69     -2
70     -2
71     -3
72     -2
73     -2
74     -4
75     -4
76     -3
77     -3
78     -5
79     -4
80     -5
81     -6
82     -5
83     -6
84     -7
85     -7
86     -7
87     -8
88     -7
89     -8
90     -8
91     -8
92     -9
93     -9
94     -9
95     -10
96     -10
97     -11
98     -11
99     -11
100     -11
101     -11
102     -11
103     -12
104     -12
105     -13
106     -12
107     -13
108     -13
109     -13
110     -13
111     -14
112     -15
113     -14
114     -15
115     -15
116     -15
117     -15
118     -16
119     -16
120     -15
121     -16
122     -17
123     -16
124     -17
125     -16
126     -17
127     -17
128     -17
129     -17
130     -19
131     -17
132     -18
133     -18
134     -18
135     -18
136     -19
137     -19
138     -19
139     -19
140     -19
141     -19
142     -19
143     -19
144     -19
145     -19
146     -20
147     -20
148     -20
149     -19
150     -20
151     -20
152     -20
153     -20
154     -20
155     -19
156     -20
157     -21
158     -20
159     -20
160     -20
161     -20
162     -20
163     -20
164     -20
165     -20
166     -20
167     -20
168     -20
169     -20
170     -21
171     -20
172     -20
173     -20
174     -20
175     -20
176     -20
177     -20
178     -21
179     -20
180     -19
181     -20
182     -20
183     -19
184     -19
185     -20
186     -19
187     -18
188     -18
189     -18
190     -18
191     -18
192     -19
193     -18
194     -18
195     -18
196     -18
197     -18
198     -17
199     -17
200     -17
201     -16
202     -16
203     -16
204     -16
205     -16
206     -16
207     -16
208     -15
209     -15
210     -15
211     -14
212     -15
213     -14
214     -14
215     -13
216     -14
217     -14
218     -13
219     -12
220     -13
221     -12
222     -11
223     -12
224     -11
225     -11
226     -11
227     -10
228     -10
229     -10
230     -9
231     -10
232     -9
233     -9
234     -8
235     -9
236     -7
237     -7
238     -9
239     -7
240     -7
241     -6
242     -7
243     -6
244     -6
245     -5
246     -6
247     -5
248     -4
249     -4
250     -4
251     -3
252     -3
253     -4
254     -3
255     -2
256     -2
257     -1
258     -1
259     1
260     2
261     1
262     2
263     3
264     3
265     3
266     4
267     3
268     5
269     3
270     7
271     -2
272     -4
273     4
274     0
275     2
276     3
277     3
278     4
279     4
280     4
281     5
282     4
283     6
284     5
285     5
286     6
287     6
288     6
289     7
290     6
291     7
292     7
293     8
294     9
295     9
296     9
297     9
298     9
299     10
300     11
301     10
302     11
303     11
304     12
305     12
306     11
307     11
308     12
309     12
310     13
311     13
312     12
313     13
314     14
315     15
316     14
317     15
318     14
319     15
320     15
321     15
322     16
323     15
324     16
325     15
326     17
327     17
328     17
329     16
330     17
331     17
332     17
333     19
334     19
335     18
336     19
337     19
338     18
339     18
340     19
341     19
342     18
343     19
344     19
345     20
346     20
347     19
348     19
349     19
350     19
351     20
352     20
353     19
354     20
355     21
356     20
357     20
358     20
359     20
360     20
361     21
362     20
363     20
364     20
365     21
366     21
367     21
368     21
369     20
370     21
371     21
372     20
373     20
374     20
375     20
376     20
377     20
378     21
379     21
380     20
381     20
382     21
383     21
384     20
385     20
386     19
387     19
388     19
389     20
390     19
391     19
392     20
393     19
394     18
395     18
396     19
397     19
398     19
399     18
400     18
401     17
402     17
403     17
404     18
405     17
406     17
407     17
408     16
409     16
410     16
411     16
412     16
413     16
414     16
415     15
416     15
417     15
418     15
419     14
420     14
421     14
422     14
423     12
424     13
425     13
426     13
427     12
428     12
429     11
430     12
431     11
432     11
433     10
434     11
435     10
436     10
437     10
438     9
439     9
440     9
441     8
442     8
443     8
444     7
445     7
446     6
447     7
448     6
449     6
450     5
451     6
452     6
453     4
454     4
455     4
456     4
457     3
458     3
459     2
460     2
461     2
462     2
463     2
464     1
465     1
466     1
467     0
468     0
469     0
470     -2
471     -2
472     -1
473     -2
474     -2
475     -3
476     -2
477     -3
478     -3
479     -4
480     -4
481     -5
482     -4
483     -5
484     -5
485     -5
486     -6
487     -7
488     -7
489     -7
490     -7
491     -8
492     -8
493     -9
494     -9
495     -8
496     -10
497     -9
498     -9
499     -10
500     -10
501     -10
502     -11
503     -11
504     -11
505     -11
506     -11
507     -12
508     -12
509     -13
510     -13
511     -13
512     -14
513     -14
514     -14
515     -14
516     -14
517     -14
518     -15
519     -15
520     -15
521     -15
522     -15
523     -16
524     -15
525     -16
526     -17
527     -16
528     -17
529     -17
530     -18
531     -17
532     -17
533     -18
534     -18
535     -18
536     -19
537     -18
538     -18
539     -19
540     -19
541     -19
542     -19
543     -19
544     -19
545     -19
546     -20
547     -19
548     -19
549     -20
550     -19
551     -20
552     -20
553     -20
554     -20
555     -19
556     -20
557     -20
558     -20
559     -20
560     -20
561     -20
562     -20
563     -21
564     -20
565     -20
566     -20
567     -20
568     -20
569     -20
570     -20
571     -20
572     -21
573     -20
574     -20
575     -20
576     -21
577     -20
578     -21
579     -20
580     -20
581     -20
582     -20
583     -20
584     -20
585     -19
586     -19
587     -19
588     -19
589     -19
590     -19
591     -19
592     -19
593     -18
594     -19
595     -19
596     -18
597     -18
598     -18
599     -17
600     -17
601     -16
602     -17
603     -17
604     -16
605     -16
606     -16
607     -17
608     -16
609     -16
610     -15
611     -16
612     -15
613     -15
614     -16
615     -14
616     -14
617     -14
618     -14
619     -14
620     -13
621     -13
622     -13
623     -13
624     -12
625     -12
626     -12
627     -11
628     -11
629     -11
630     -11
631     -11
632     -11
633     -10
634     -10
635     -9
636     -10
637     -9
638     -9
639     -8
640     -8
641     -8
642     -7
643     -7
644     -6
645     -6
646     -6
647     -6
648     -5
649     -5
650     -5
651     -4
652     -4
653     -4
654     -4
655     -4
656     -4
657     -3
658     -2
659     -2
660     -2
661     -2
662     -1
663     -1
664     -1
665     -1
666     1
667     0
668     1
669     1
670     2
671     2
672     2
673     3
674     3
675     3
676     4
677     4
678     4
679     4
680     4
681     5
682     5
683     5
684     7
685     6
686     7
687     6
688     7
689     9
690     7
691     7
692     9
693     9
694     9
695     9
696     9
697     9
698     10
699     10
700     11
701     11
702     11
703     11
704     12
705     12
706     12
707     13
708     13
709     13
710     14
711     14
712     14
713     14
714     14
715     15
716     14
717     15
718     15
719     15
720     16
721     16
722     16
723     16
724     17
725     16
726     17
727     17
728     17
729     17
730     17
731     17
732     18
733     18
734     18
735     18
736     18
737     19
738     19
739     19
740     19
741     19
742     19
743     20
744     19
745     19
746     20
747     21
748     20
749     19
750     20
751     20
752     21
753     21
754     20
755     20
756     20
757     20
758     20
759     20
760     20
761     21
762     20
763     20
764     20
765     21
766     21
767     20
768     21
769     21
770     20
771     21
772     21
773     20
774     21
775     20
776     21
777     21
778     20
779     21
780     20
781     20
782     20
783     20
784     19
785     19
786     19
787     19
788     19
789     19
790     20
791     19
792     19
793     19
794     18
795     18
796     18
797     18
798     18
799     17
800     17
801     17
802     17
803     17
804     17
805     17
806     16
807     16
808     16
809     16
810     15
811     15
812     15
813     15
814     15
815     15
816     14
817     14
818     14
819     14
820     13
821     13
822     13
823     12
824     12
825     12
826     12
827     12
828     11
829     11
830     11
831     10
832     10
833     10
834     9
835     9
836     8
837     8
838     8
839     8
840     8
841     7
842     7
843     7
844     7
845     7
846     6
847     6
848     5
849     5
850     4
851     4
852     4
853     3
854     3
855     4
856     3
857     2
858     2
859     2
860     2
861     1
862     1
863     1
864     1
865     -1
866     -1
867     -1
868     -1
869     -1
870     -2
871     -2
872     -2
873     -3
874     -2
875     -3
876     -5
877     -5
878     -4
879     -4
880     -5
881     -6
882     -5
883     -6
884     -6
885     -6
886     -6
887     -7
888     -8
889     -7
890     -8
891     -8
892     -9
893     -9
894     -9
895     -10
896     -10
897     -10
898     -11
899     -10
900     -11
901     -11
902     -12
903     -11
904     -13
905     -12
906     -13
907     -13
908     -13
909     -13
910     -13
911     -14
912     -13
913     -14
914     -14
915     -15
916     -16
917     -15
918     -15
919     -16
920     -16
921     -16
922     -16
923     -17
924     -16
925     -17
926     -17
927     -18
928     -16
929     -18
930     -18
931     -19
932     -18
933     -18
934     -19
935     -19
936     -18
937     -19
938     -19
939     -19
940     -19
941     -19
942     -19
943     -19
944     -20
945     -19
946     -19
947     -20
948     -20
949     -20
950     -20
951     -19
952     -20
953     -21
954     -20
955     -20
956     -20
957     -20
958     -20
959     -20
960     -20
961     -21
962     -20
963     -21
964     -20
965     -20
966     -21
967     -20
968     -20
969     -20
970     -20
971     -20
972     -21
973     -20
974     -20
975     -20
976     -20
977     -19
978     -20
979     -20
980     -20
981     -20
982     -19
983     -19
984     -19
985     -20
986     -19
987     -19
988     -19
989     -19
990     -19
991     -18
992     -18
993     -19
994     -18
995     -18
996     -17
997     -17
998     -18
999     -17
1000     -17
1001     -17
1002     -16
1003     -16
1004     -17
1005     -16
1006     -16
1007     -16
1008     -15
1009     -15
1010     -15
1011     -15
1012     -15
1013     -14
1014     -15
1015     -14
1016     -14
1017     -13
1018     -13
1019     -13
1020     -12
1021     -13
1022     -12
1023     -12
1024     -12
1025     -11
1026     -12
1027     -11
1028     -10
1029     -10
1030     -10
1031     -10
1032     -9
1033     -9
1034     -8
1035     -9
1036     -8
1037     -8
1038     -7
1039     -7
1040     -7
1041     -7
1042     -7
1043     -6
1044     -6
1045     -6
1046     -6
1047     -5
1048     -4
1049     -4
1050     -4
1051     -4
1052     -3
1053     -3
1054     -3
1055     -2
1056     -2
1057     -2
1058     -1
1059     -1
1060     0
1061     0
1062     0
1063     0
1064     2
1065     1
1066     1
1067     1
1068     2
1069     2
1070     2
1071     3
1072     3
1073     4
1074     3
1075     4
1076     4
1077     4
1078     5
1079     4
1080     5
1081     6
1082     7
1083     7
1084     7
1085     8
1086     8
1087     8
1088     8
1089     8
1090     9
1091     9
1092     10
1093     10
1094     10
1095     10
1096     10
1097     11
1098     11
1099     11
1100     11
1101     12
1102     12
1103     12
1104     12
1105     13
1106     12
1107     13
1108     14
1109     14
1110     13
1111     14
1112     14
1113     14
1114     15
1115     15
1116     15
1117     15
1118     16
1119     16
1120     16
1121     16
1122     17
1123     17
1124     16
1125     18
1126     17
1127     17
1128     17
1129     18
1130     18
1131     18
1132     18
1133     18
1134     18
1135     18
1136     19
1137     19
1138     20
1139     20
1140     19
1141     19
1142     20
1143     20
1144     20
1145     20
1146     19
1147     20
1148     21
1149     20
1150     20
1151     20
1152     20
1153     21
1154     21
1155     20
1156     21
1157     21
1158     21
1159     21
1160     21
1161     20
1162     21
1163     21
1164     20
1165     21
1166     20
1167     20
1168     20
1169     20
1170     21
1171     21
1172     21
1173     21
1174     20
1175     20
1176     20
1177     19
1178     20
1179     20
1180     20
1181     19
1182     19
1183     20
1184     19
1185     20
1186     19
1187     20
1188     19
1189     19
1190     18
1191     18
1192     18
1193     18
1194     18
1195     17
1196     18
1197     18
1198     17
1199     17
1200     17
1201     17
1202     17
1203     16
1204     16
1205     15
1206     16
1207     16
1208     15
1209     16
1210     15
1211     15
1212     14
1213     14
1214     13
1215     14
1216     14
1217     13
1218     13
1219     13
1220     12
1221     12
1222     12
1223     11
1224     12
1225     11
1226     11
1227     11
1228     10
1229     10
1230     10
1231     9
1232     10
1233     9
1234     8
1235     8
1236     8
1237     8
1238     7
1239     7
1240     8
1241     6
1242     6
1243     6
1244     5
1245     5
1246     5
1247     4
1248     4
1249     4
1250     5
1251     3
1252     3
1253     2
1254     3
1255     2
1256     1
1257     2
1258     2
1259     1
1260     0
1261     0
1262     0
1263     -1
1264     -1
1265     -1
1266     -1
1267     -3
1268     -2
1269     -2
1270     -2
1271     -4
1272     -2
1273     -4
1274     -4
1275     -4
1276     -4
1277     -4
1278     -5
1279     -6
1280     -6
1281     -5
1282     -6
1283     -7
1284     -6
1285     -7
1286     -8
1287     -9
1288     -8
1289     -8
1290     -8
1291     -9
1292     -10
1293     -10
1294     -10
1295     -10
1296     -11
1297     -10
1298     -11
1299     -11
1300     -11
1301     -12
1302     -12
1303     -12
1304     -12
1305     -13
1306     -13
1307     -14
1308     -13
1309     -14
1310     -14
1311     -14
1312     -15
1313     -15
1314     -15
1315     -15
1316     -14
1317     -16
1318     -15
1319     -16
1320     -16
1321     -17
1322     -16
1323     -17
1324     -17
1325     -17
1326     -18
1327     -17
1328     -18
1329     -18
1330     -18
1331     -18
1332     -18
1333     -19
1334     -18
1335     -18
1336     -19
1337     -20
1338     -19
1339     -19
1340     -19
1341     -19
1342     -20
1343     -19
1344     -19
1345     -21
1346     -21
1347     -20
1348     -20
1349     -21
1350     -21
1351     -20
1352     -21
1353     -20
1354     -20
1355     -19
1356     -21
1357     -19
1358     -20
1359     -21
1360     -20
1361     -21
1362     -20
1363     -21
1364     -20
1365     -20
1366     -21
1367     -20
1368     -20
1369     -20
1370     -20
1371     -19
1372     -21
1373     -21
1374     -20
1375     -19
1376     -20
1377     -20
1378     -20
1379     -19
1380     -19
1381     -19
1382     -19
1383     -19
1384     -19
1385     -18
1386     -19
1387     -18
1388     -19
1389     -18
1390     -18
1391     -18
1392     -18
1393     -18
1394     -18
1395     -17
1396     -18
1397     -18
1398     -17
1399     -17
1400     -17
1401     -16
1402     -16
1403     -15
1404     -16
1405     -15
1406     -15
1407     -15
1408     -15
1409     -15
1410     -15
1411     -14
1412     -13
1413     -13
1414     -13
1415     -14
1416     -13
1417     -14
1418     -13
1419     -11
1420     -12
1421     -11
1422     -12
1423     -11
1424     -10
1425     -10
1426     -11
1427     -10
1428     -10
1429     -9
1430     -10
1431     -9
1432     -9
1433     -8
1434     -9
1435     -8
1436     -8
1437     -7
1438     -7
1439     -6
1440     -6
1441     -6
1442     -5
1443     -6
1444     -5
1445     -5
1446     -5
1447     -4
1448     -4
1449     -3
1450     -3
1451     -3
1452     -2
1453     -2
1454     -2
1455     -1
1456     -1
1457     0
1458     -1
1459     0
1460     0
1461     0
1462     1
1463     1
1464     1
1465     2
1466     2
1467     3
1468     3
1469     2
1470     4
1471     4
1472     5
1473     4
1474     5
1475     5
1476     6
1477     5
1478     5
1479     6
1480     6
1481     7
1482     7
1483     7
1484     8
1485     8
1486     8
1487     8
1488     9
1489     10
1490     9
1491     10
1492     10
1493     10
1494     11
1495     11
1496     12
1497     12
1498     11
1499     12
1500     13
1501     12
1502     13
1503     13
1504     14
1505     14
1506     14
1507     14
1508     15
1509     15
1510     14
1511     15
1512     15
1513     15
1514     15
1515     16
1516     16
1517     16
1518     17
1519     17
1520     18
1521     17
1522     17
1523     17
1524     17
1525     17
1526     17
1527     18
1528     19
1529     18
1530     19
1531     18
1532     19
1533     19
1534     19
1535     19
1536     20
1537     20
1538     20
1539     19
1540     20
1541     20
1542     20
1543     20
1544     20
1545     20
1546     20
1547     21
1548     20
1549     21
1550     21
1551     20
1552     21
1553     21
1554     21
1555     20
1556     20
1557     21
1558     21
1559     20
1560     20
1561     21
1562     21
1563     20
1564     21
1565     20
1566     21
1567     20
1568     21
1569     21
1570     20
1571     20
1572     20
1573     19
1574     20
1575     20
1576     20
1577     19
1578     20
1579     19
1580     19
1581     20
1582     20
1583     19
1584     20
1585     19
1586     18
1587     18
1588     18
1589     18
1590     18
1591     18
1592     18
1593     18
1594     18
1595     17
1596     18
1597     17
1598     16
1599     17
1600     16
1601     16
1602     16
1603     15
1604     16
1605     15
1606     14
1607     15
1608     14
1609     15
1610     14
1611     14
1612     14
1613     13
1614     13
1615     14
1616     14
1617     13
1618     12
1619     12
1620     12
1621     12
1622     12
1623     11
1624     11
1625     10
1626     10
1627     9
1628     9
1629     9
1630     8
1631     9
1632     9
1633     8
1634     9
1635     7
1636     7
1637     7
1638     7
1639     6
1640     5
1641     6
1642     5
1643     5
1644     5
1645     5
1646     4
1647     4
1648     3
1649     3
1650     3
1651     3
1652     2
1653     2
1654     2
1655     1
1656     1
1657     1
1658     0
1659     0
1660     -1
1661     -1
1662     -2
1663     -2
1664     -1
1665     -2
1666     -2
1667     -3
1668     -3
1669     -3
1670     -3
1671     -3
1672     -4
1673     -4
1674     -5
1675     -5
1676     -6
1677     -5
1678     -5
1679     -6
1680     -7
1681     -7
1682     -7
1683     -8
1684     -7
1685     -8
1686     -8
1687     -9
1688     -9
1689     -9
1690     -9
1691     -10
1692     -10
1693     -10
1694     -10
1695     -10
1696     -12
1697     -12
1698     -11
1699     -12
1700     -12
1701     -13
1702     -13
1703     -13
1704     -14
1705     -14
1706     -14
1707     -14
1708     -15
1709     -14
1710     -15
1711     -15
1712     -15
1713     -16
1714     -16
1715     -15
1716     -16
1717     -16
1718     -16
1719     -16
1720     -17
1721     -17
1722     -18
1723     -17
1724     -17
1725     -17
1726     -18
1727     -18
1728     -17
1729     -18
1730     -18
1731     -19
1732     -19
1733     -19
1734     -19
1735     -19
1736     -19
1737     -18
1738     -19
1739     -20
1740     -19
1741     -20
1742     -20
1743     -19
1744     -20
1745     -19
1746     -20
1747     -20
1748     -20
1749     -21
1750     -21
1751     -21
1752     -20
1753     -20
1754     -20
1755     -20
1756     -21
1757     -20
1758     -20
1759     -20
1760     -20
1761     -20
1762     -20
1763     -20
1764     -20
1765     -20
1766     -20
1767     -21
1768     -20
1769     -21
1770     -20
1771     -20
1772     -19
1773     -20
1774     -21
1775     -20
1776     -19
1777     -19
1778     -20
1779     -19
1780     -19
1781     -19
1782     -19
1783     -18
1784     -18
1785     -18
1786     -19
1787     -18
1788     -18
1789     -17
1790     -18
1791     -18
1792     -17
1793     -18
1794     -17
1795     -17
1796     -17
1797     -17
1798     -16
1799     -16
1800     -16
1801     -16
1802     -15
1803     -15
1804     -15
1805     -15
1806     -15
1807     -15
1808     -15
1809     -14
1810     -15
1811     -14
1812     -13
1813     -13
1814     -13
1815     -13
1816     -13
1817     -12
1818     -12
1819     -11
1820     -11
1821     -11
1822     -11
1823     -10
1824     -10
1825     -10
1826     -10
1827     -9
1828     -9
1829     -9
1830     -9
1831     -9
1832     -8
1833     -7
1834     -7
1835     -8
1836     -7
1837     -6
1838     -6
1839     -6
1840     -6
1841     -5
1842     -4
1843     -5
1844     -4
1845     -4
1846     -3
1847     -4
1848     -3
1849     -3
1850     -2
1851     -1
1852     -2
1853     -1
1854     -1
1855     -1
1856     0
1857     -1
1858     0
1859     1
1860     1
1861     2
1862     1
1863     2
1864     1
1865     3
1866     2
1867     3
1868     3
1869     5
1870     4
1871     5
1872     4
1873     5
1874     7
1875     6
1876     6
1877     6
1878     7
1879     7
1880     7
1881     8
1882     8
1883     9
1884     8
1885     9
1886     9
1887     9
1888     10
1889     10
1890     10
1891     11
1892     11
1893     11
1894     11
1895     12
1896     12
1897     11
1898     12
1899     13
1900     13
1901     13
1902     13
1903     13
1904     14
1905     14
1906     15
1907     15
1908     15
1909     15
1910     15
1911     16
1912     16
1913     15
1914     16
1915     17
1916     17
1917     17
1918     17
1919     17
1920     17
1921     18
1922     18
1923     17
1924     18
1925     18
1926     18
1927     19
1928     18
1929     18
1930     19
1931     19
1932     20
1933     19
1934     19
1935     20
1936     19
1937     19
1938     20
1939     20
1940     20
1941     20
1942     20
1943     20
1944     20
1945     19
1946     20
1947     20
1948     20
1949     21
1950     21
1951     20
1952     21
1953     20
1954     21
1955     20
1956     21
1957     20
1958     20
1959     21
1960     20
1961     20
1962     20
1963     20
1964     21
1965     20
1966     21
1967     20
1968     21
1969     20
1970     20
1971     20
1972     20
1973     20
1974     21
1975     20
1976     19
1977     19
1978     19
1979     19
1980     20
1981     19
1982     20
1983     19
1984     19
1985     19
1986     19
1987     19
1988     18
1989     17
1990     18
1991     17
1992     18
1993     18
1994     18
1995     17
1996     17
1997     17
1998     16
1999     16
2000     16
2001     15
2002     16
2003     15
2004     16
2005     15
2006     14
2007     15
2008     14
2009     14
2010     14
2011     13
2012     14
2013     13
2014     12
2015     13
2016     12
2017     12
2018     12
2019     12
2020     11
2021     11
2022     11
2023     10
2024     10
2025     10
2026     10
2027     10
2028     8
2029     8
2030     9
2031     8
2032     8
2033     7
2034     7
2035     7
2036     7
2037     7
2038     7
2039     5
2040     5
2041     5
2042     4
2043     4
2044     4
2045     4
2046     3
2047     3
2048     3
2049     3
2050     2
2051     2
2052     1
2053     2
2054     1
2055     1
2056     0
2057     0
2058     -1
2059     -1
2060     -1
2061     -1
2062     -1
2063     -2
2064     -3
2065     -3
2066     -2
2067     -3
2068     -4
2069     -4
2070     -4
2071     -4
2072     -5
2073     -6
2074     -5
2075     -6
2076     -6
2077     -6
2078     -7
2079     -6
2080     -8
2081     -7
2082     -8
2083     -8
2084     -9
2085     -9
2086     -9
2087     -9
2088     -10
2089     -10
2090     -11
2091     -11
2092     -11
2093     -11
2094     -12
2095     -12
2096     -12
2097     -12
2098     -12
2099     -13
2100     -13
2101     -13
2102     -14
2103     -14
2104     -14
2105     -14
2106     -14
2107     -15
2108     -15
2109     -15
2110     -15
2111     -15
2112     -16
2113     -16
2114     -16
2115     -17
2116     -17
2117     -17
2118     -17
2119     -17
2120     -17
2121     -18
2122     -18
2123     -18
2124     -18
2125     -17
2126     -19
2127     -20
2128     -18
2129     -19
2130     -18
2131     -19
2132     -18
2133     -19
2134     -19
2135     -20
2136     -20
2137     -20
2138     -20
2139     -20
2140     -19
2141     -19
2142     -20
2143     -21
2144     -20
2145     -20
2146     -21
2147     -20
2148     -21
2149     -20
2150     -20
2151     -20
2152     -19
2153     -20
2154     -20
2155     -20
2156     -21
2157     -20
2158     -20
2159     -20
2160     -20
2161     -20
2162     -20
2163     -20
2164     -20
2165     -20
2166     -20
2167     -20
2168     -20
2169     -19
2170     -20
2171     -20
2172     -20
2173     -20
2174     -20
2175     -19
2176     -20
2177     -19
2178     -19
2179     -18
2180     -19
2181     -19
2182     -20
2183     -19
2184     -18
2185     -18
2186     -18
2187     -17
2188     -17
2189     -18
2190     -18
2191     -17
2192     -17
2193     -17
2194     -16
2195     -18
2196     -17
2197     -16
2198     -16
2199     -15
2200     -16
2201     -15
2202     -15
2203     -15
2204     -14
2205     -14
