1     11
2     11
3     12
4     13
5     12
6     14
7     13
8     15
9     16
10     15
11     17
12     17
13     17
14     18
15     18
16     18
17     19
18     19
19     20
20     20
21     20
22     20
23     20
24     20
25     21
26     20
27     21
28     20
29     20
30     21
31     20
32     19
33     20
34     19
35     19
36     19
37     19
38     19
39     18
40     19
41     17
42     16
43     16
44     17
45     15
46     15
47     13
48     13
49     12
50     12
51     11
52     10
53     10
54     9
55     9
56     8
57     7
58     6
59     5
60     5
61     4
62     3
63     2
64     1
65     0
66     0
67     -1
68     -2
69     -2
70     -3
71     -4
72     -5
73     -7
74     -6
75     -8
76     -9
77     -9
78     -10
79     -11
80     -12
81     -13
82     -12
83     -14
84     -15
85     -14
86     -15
87     -15
88     -16
89     -17
90     -17
91     -18
92     -18
93     -18
94     -17
95     -19
96     -20
97     -20
98     -20
99     -20
100     -20
101     -20
102     -20
103     -21
104     -20
105     -21
106     -21
107     -20
108     -21
109     -20
110     -20
111     -20
112     -19
113     -19
114     -20
115     -18
116     -18
117     -18
118     -18
119     -17
120     -17
121     -16
122     -16
123     -15
124     -14
125     -14
126     -13
127     -13
128     -12
129     -11
130     -11
131     -10
132     -9
133     -8
134     -8
135     -6
136     -6
137     -5
138     -5
139     -4
140     -3
141     -2
142     -1
143     0
144     1
145     1
146     2
147     3
148     5
149     5
150     6
151     7
152     7
153     8
154     8
155     10
156     11
157     12
158     11
159     12
160     13
161     14
162     14
163     15
164     16
165     15
166     16
167     17
168     18
169     18
170     19
171     19
172     19
173     19
174     19
175     19
176     20
177     20
178     20
179     20
180     20
181     20
182     20
183     20
184     20
185     20
186     20
187     20
188     20
189     20
190     20
191     19
192     19
193     19
194     18
195     18
196     18
197     17
198     16
199     16
200     15
201     15
202     14
203     14
204     13
205     12
206     12
207     11
208     11
209     9
210     9
211     8
212     7
213     7
214     6
215     6
216     4
217     3
218     3
219     1
220     1
221     1
222     -1
223     -1
224     -2
225     -3
226     -4
227     -5
228     -7
229     -7
230     -7
231     -8
232     -9
233     -10
234     -11
235     -11
236     -12
237     -12
238     -13
239     -13
240     -14
241     -15
242     -15
243     -16
244     -16
245     -17
246     -17
247     -18
248     -18
249     -18
250     -18
251     -19
252     -19
253     -20
254     -20
255     -20
256     -20
257     -20
258     -20
259     -20
260     -20
261     -19
262     -19
263     -20
264     -19
265     -18
266     -18
267     -19
268     -18
269     -17
270     -16
271     -17
272     -11
273     -5
274     -6
275     -4
276     -4
277     -3
278     -3
279     -2
280     -1
281     0
282     0
283     1
284     3
285     4
286     4
287     5
288     6
289     7
290     7
291     9
292     9
293     10
294     10
295     11
296     11
297     12
298     12
299     13
300     14
301     15
302     14
303     16
304     16
305     17
306     17
307     17
308     18
309     18
310     19
311     19
312     19
313     20
314     20
315     20
316     19
317     20
318     20
319     20
320     20
321     21
322     21
323     20
324     21
325     20
326     21
327     20
328     20
329     20
330     19
331     18
332     18
333     18
334     18
335     16
336     16
337     16
338     14
339     14
340     14
341     13
342     13
343     13
344     11
345     10
346     10
347     9
348     9
349     8
350     7
351     7
352     6
353     4
354     4
355     4
356     3
357     1
358     1
359     0
360     -2
361     -1
362     -3
363     -3
364     -5
365     -6
366     -6
367     -7
368     -7
369     -8
370     -9
371     -10
372     -11
373     -11
374     -11
375     -13
376     -13
377     -14
378     -14
379     -15
380     -16
381     -16
382     -17
383     -17
384     -18
385     -18
386     -19
387     -18
388     -19
389     -19
390     -20
391     -19
392     -20
393     -20
394     -21
395     -20
396     -20
397     -21
398     -21
399     -20
400     -20
401     -20
402     -20
403     -20
404     -20
405     -20
406     -19
407     -19
408     -19
409     -18
410     -18
411     -18
412     -17
413     -17
414     -15
415     -15
416     -15
417     -15
418     -14
419     -13
420     -12
421     -12
422     -11
423     -11
424     -10
425     -10
426     -8
427     -8
428     -7
429     -7
430     -6
431     -4
432     -4
433     -2
434     -2
435     -1
436     1
437     0
438     2
439     2
440     3
441     3
442     5
443     6
444     6
445     7
446     8
447     9
448     10
449     10
450     11
451     12
452     12
453     13
454     14
455     14
456     15
457     15
458     16
459     16
460     16
461     17
462     18
463     18
464     19
465     19
466     19
467     20
468     19
469     20
470     21
471     21
472     20
473     20
474     21
475     20
476     21
477     20
478     21
479     20
480     20
481     20
482     20
483     19
484     19
485     19
486     19
487     19
488     18
489     18
490     17
491     16
492     16
493     15
494     15
495     14
496     14
497     12
498     13
499     12
500     10
501     10
502     8
503     10
504     8
505     7
506     7
507     5
508     5
509     4
510     3
511     2
512     1
513     1
514     0
515     -1
516     -3
517     -3
518     -3
519     -4
520     -5
521     -6
522     -6
523     -7
524     -8
525     -9
526     -10
527     -10
528     -11
529     -11
530     -12
531     -13
532     -13
533     -14
534     -15
535     -15
536     -16
537     -17
538     -17
539     -17
540     -17
541     -18
542     -19
543     -19
544     -19
545     -19
546     -20
547     -20
548     -20
549     -20
550     -20
551     -21
552     -20
553     -20
554     -20
555     -20
556     -20
557     -19
558     -21
559     -20
560     -20
561     -19
562     -19
563     -18
564     -18
565     -18
566     -18
567     -18
568     -17
569     -16
570     -16
571     -15
572     -15
573     -14
574     -13
575     -13
576     -12
577     -11
578     -11
579     -10
580     -9
581     -9
582     -8
583     -7
584     -6
585     -5
586     -4
587     -4
588     -2
589     -2
590     -1
591     -1
592     1
593     1
594     2
595     2
596     4
597     4
598     5
599     6
600     6
601     8
602     8
603     10
604     10
605     9
606     12
607     12
608     13
609     13
610     14
611     15
612     16
613     15
614     16
615     16
616     17
617     17
618     18
619     19
620     19
621     18
622     19
623     19
624     19
625     20
626     20
627     20
628     20
629     21
630     22
631     21
632     21
633     20
634     19
635     21
636     20
637     20
638     19
639     20
640     19
641     19
642     19
643     19
644     18
645     17
646     17
647     16
648     16
649     14
650     14
651     14
652     13
653     13
654     11
655     11
656     10
657     10
658     9
659     8
660     6
661     7
662     6
663     5
664     5
665     4
666     3
667     1
668     0
669     0
670     -1
671     -2
672     -2
673     -4
674     -5
675     -4
676     -6
677     -6
678     -7
679     -8
680     -9
681     -10
682     -9
683     -10
684     -12
685     -12
686     -13
687     -13
688     -14
689     -14
690     -15
691     -16
692     -17
693     -17
694     -17
695     -18
696     -18
697     -18
698     -19
699     -20
700     -19
701     -21
702     -20
703     -20
704     -21
705     -21
706     -21
707     -20
708     -21
709     -21
710     -20
711     -20
712     -20
713     -20
714     -20
715     -20
716     -19
717     -19
718     -19
719     -19
720     -19
721     -18
722     -17
723     -17
724     -16
725     -15
726     -15
727     -15
728     -14
729     -14
730     -13
731     -12
732     -12
733     -11
734     -10
735     -10
736     -8
737     -8
738     -6
739     -7
740     -6
741     -5
742     -3
743     -3
744     -3
745     -1
746     -1
747     1
748     1
749     1
750     3
751     4
752     4
753     5
754     6
755     7
756     7
757     9
758     9
759     10
760     11
761     10
762     12
763     12
764     13
765     13
766     14
767     15
768     15
769     15
770     17
771     17
772     17
773     17
774     19
775     18
776     19
777     19
778     19
779     19
780     21
781     20
782     20
783     20
784     21
785     20
786     21
787     20
788     21
789     20
790     20
791     21
792     20
793     20
794     20
795     19
796     19
797     18
798     19
799     18
800     18
801     17
802     17
803     16
804     15
805     15
806     13
807     13
808     13
809     12
810     12
811     10
812     10
813     9
814     9
815     8
816     7
817     7
818     5
819     5
820     4
821     3
822     2
823     0
824     1
825     0
826     -1
827     -2
828     -4
829     -4
830     -4
831     -5
832     -6
833     -7
834     -8
835     -9
836     -9
837     -9
838     -11
839     -12
840     -12
841     -12
842     -13
843     -15
844     -14
845     -14
846     -15
847     -17
848     -17
849     -17
850     -17
851     -18
852     -18
853     -19
854     -19
855     -20
856     -19
857     -20
858     -20
859     -20
860     -20
861     -21
862     -20
863     -20
864     -20
865     -20
866     -20
867     -19
868     -20
869     -21
870     -20
871     -20
872     -19
873     -19
874     -19
875     -18
876     -18
877     -17
878     -17
879     -16
880     -16
881     -16
882     -15
883     -14
884     -13
885     -14
886     -13
887     -12
888     -11
889     -11
890     -10
891     -9
892     -9
893     -7
894     -7
895     -6
896     -5
897     -5
898     -3
899     -3
900     -3
901     -1
902     0
903     0
904     2
905     2
906     3
907     4
908     5
909     6
910     7
911     7
912     8
913     9
914     10
915     11
916     11
917     12
918     12
919     13
920     14
921     15
922     15
923     16
924     16
925     16
926     17
927     17
928     18
929     18
930     18
931     19
932     19
933     19
934     20
935     20
936     21
937     21
938     20
939     21
940     21
941     20
942     20
943     21
944     20
945     20
946     20
947     20
948     19
949     19
950     19
951     18
952     18
953     18
954     18
955     17
956     17
957     17
958     16
959     16
960     16
961     14
962     14
963     13
964     12
965     11
966     11
967     10
968     10
969     9
970     9
971     7
972     6
973     5
974     5
975     4
976     3
977     2
978     2
979     0
980     0
981     -1
982     -2
983     -2
984     -4
985     -4
986     -6
987     -6
988     -6
989     -8
990     -8
991     -9
992     -10
993     -11
994     -11
995     -12
996     -12
997     -13
998     -14
999     -14
1000     -15
1001     -16
1002     -16
1003     -17
1004     -17
1005     -18
1006     -18
1007     -19
1008     -19
1009     -19
1010     -19
1011     -20
1012     -19
1013     -20
1014     -20
1015     -20
1016     -20
1017     -20
1018     -21
1019     -21
1020     -21
1021     -20
1022     -20
1023     -20
1024     -20
1025     -21
1026     -20
1027     -20
1028     -19
1029     -19
1030     -18
1031     -18
1032     -17
1033     -18
1034     -17
1035     -16
1036     -16
1037     -15
1038     -14
1039     -14
1040     -13
1041     -13
1042     -12
1043     -11
1044     -10
1045     -10
1046     -9
1047     -9
1048     -7
1049     -7
1050     -6
1051     -5
1052     -4
1053     -3
1054     -2
1055     -2
1056     -1
1057     0
1058     0
1059     1
1060     2
1061     3
1062     4
1063     5
1064     5
1065     5
1066     6
1067     8
1068     9
1069     9
1070     10
1071     11
1072     12
1073     12
1074     13
1075     13
1076     14
1077     15
1078     15
1079     16
1080     16
1081     16
1082     17
1083     18
1084     18
1085     18
1086     19
1087     19
1088     19
1089     19
1090     20
1091     20
1092     20
1093     20
1094     20
1095     20
1096     20
1097     21
1098     20
1099     20
1100     20
1101     20
1102     21
1103     19
1104     19
1105     19
1106     19
1107     18
1108     19
1109     18
1110     18
1111     17
1112     17
1113     16
1114     15
1115     15
1116     14
1117     14
1118     13
1119     11
1120     12
1121     11
1122     11
1123     10
1124     9
1125     8
1126     8
1127     7
1128     6
1129     4
1130     4
1131     4
1132     2
1133     2
1134     1
1135     0
1136     -1
1137     -2
1138     -3
1139     -4
1140     -5
1141     -5
1142     -6
1143     -6
1144     -8
1145     -9
1146     -10
1147     -10
1148     -10
1149     -11
1150     -11
1151     -12
1152     -13
1153     -14
1154     -15
1155     -15
1156     -16
1157     -16
1158     -16
1159     -17
1160     -17
1161     -18
1162     -18
1163     -19
1164     -19
1165     -19
1166     -20
1167     -20
1168     -20
1169     -20
1170     -20
1171     -20
1172     -21
1173     -20
1174     -20
1175     -21
1176     -21
1177     -21
1178     -21
1179     -21
1180     -20
1181     -19
1182     -19
1183     -19
1184     -19
1185     -19
1186     -18
1187     -18
1188     -18
1189     -16
1190     -17
1191     -15
1192     -15
1193     -14
1194     -14
1195     -14
1196     -13
1197     -12
1198     -12
1199     -10
1200     -9
1201     -9
1202     -9
1203     -8
1204     -7
1205     -7
1206     -6
1207     -4
1208     -4
1209     -3
1210     -3
1211     -1
1212     0
1213     0
1214     0
1215     3
1216     3
1217     4
1218     5
1219     5
1220     6
1221     7
1222     7
1223     8
1224     9
1225     9
1226     10
1227     11
1228     12
1229     12
1230     13
1231     14
1232     15
1233     15
1234     15
1235     16
1236     17
1237     17
1238     17
1239     19
1240     19
1241     18
1242     19
1243     19
1244     20
1245     20
1246     19
1247     20
1248     20
1249     20
1250     20
1251     20
1252     21
1253     20
1254     20
1255     20
1256     20
1257     19
1258     20
1259     19
1260     20
1261     18
1262     19
1263     18
1264     18
1265     18
1266     16
1267     16
1268     16
1269     16
1270     15
1271     15
1272     14
1273     13
1274     12
1275     12
1276     12
1277     11
1278     9
1279     8
1280     8
1281     7
1282     7
1283     6
1284     5
1285     5
1286     4
1287     3
1288     2
1289     1
1290     0
1291     0
1292     -1
1293     -3
1294     -3
1295     -3
1296     -4
1297     -6
1298     -6
1299     -7
1300     -8
1301     -8
1302     -8
1303     -10
1304     -10
1305     -12
1306     -12
1307     -12
1308     -13
1309     -13
1310     -15
1311     -15
1312     -16
1313     -16
1314     -17
1315     -18
1316     -18
1317     -18
1318     -19
1319     -19
1320     -20
1321     -20
1322     -20
1323     -20
1324     -20
1325     -20
1326     -20
1327     -21
1328     -21
1329     -20
1330     -21
1331     -20
1332     -21
1333     -20
1334     -20
1335     -20
1336     -20
1337     -19
1338     -20
1339     -19
1340     -19
1341     -18
1342     -18
1343     -18
1344     -17
1345     -17
1346     -16
1347     -15
1348     -15
1349     -14
1350     -13
1351     -12
1352     -13
1353     -11
1354     -11
1355     -10
1356     -10
1357     -9
1358     -8
1359     -7
1360     -7
1361     -6
1362     -5
1363     -4
1364     -3
1365     -2
1366     -1
1367     -1
1368     0
1369     1
1370     1
1371     3
1372     3
1373     4
1374     5
1375     5
1376     7
1377     7
1378     8
1379     8
1380     9
1381     10
1382     11
1383     11
1384     12
1385     13
1386     13
1387     14
1388     16
1389     15
1390     17
1391     16
1392     17
1393     17
1394     17
1395     18
1396     18
1397     19
1398     19
1399     19
1400     19
1401     20
1402     20
1403     20
1404     20
1405     21
1406     21
1407     20
1408     21
1409     20
1410     20
1411     21
1412     20
1413     19
1414     19
1415     20
1416     19
1417     19
1418     18
1419     18
1420     17
1421     17
1422     17
1423     17
1424     16
1425     15
1426     15
1427     14
1428     14
1429     12
1430     12
1431     11
1432     11
1433     9
1434     9
1435     9
1436     7
1437     7
1438     6
1439     6
1440     4
1441     4
1442     3
1443     1
1444     2
1445     0
1446     0
1447     -1
1448     -2
1449     -3
1450     -4
1451     -5
1452     -5
1453     -6
1454     -7
1455     -7
1456     -8
1457     -10
1458     -11
1459     -10
1460     -11
1461     -12
1462     -13
1463     -13
1464     -15
1465     -14
1466     -15
1467     -16
1468     -17
1469     -16
1470     -17
1471     -18
1472     -17
1473     -18
1474     -19
1475     -19
1476     -19
1477     -20
1478     -20
1479     -20
1480     -20
1481     -21
1482     -21
1483     -21
1484     -21
1485     -20
1486     -21
1487     -20
1488     -20
1489     -21
1490     -20
1491     -20
1492     -20
1493     -19
1494     -20
1495     -19
1496     -18
1497     -19
1498     -18
1499     -17
1500     -17
1501     -16
1502     -16
1503     -15
1504     -15
1505     -14
1506     -13
1507     -12
1508     -12
1509     -12
1510     -10
1511     -11
1512     -9
1513     -8
1514     -8
1515     -6
1516     -6
1517     -6
1518     -4
1519     -4
1520     -3
1521     -2
1522     -2
1523     0
1524     1
1525     1
1526     2
1527     3
1528     4
1529     4
1530     5
1531     6
1532     7
1533     7
1534     9
1535     10
1536     10
1537     11
1538     11
1539     12
1540     13
1541     13
1542     14
1543     15
1544     16
1545     16
1546     15
1547     17
1548     17
1549     18
1550     18
1551     17
1552     18
1553     19
1554     19
1555     19
1556     20
1557     20
1558     20
1559     19
1560     21
1561     20
1562     21
1563     20
1564     20
1565     21
1566     20
1567     20
1568     20
1569     20
1570     18
1571     19
1572     19
1573     19
1574     18
1575     18
1576     18
1577     17
1578     16
1579     15
1580     15
1581     15
1582     13
1583     13
1584     13
1585     11
1586     12
1587     11
1588     11
1589     10
1590     9
1591     9
1592     7
1593     6
1594     6
1595     5
1596     4
1597     3
1598     2
1599     1
1600     0
1601     0
1602     -2
1603     -2
1604     -3
1605     -3
1606     -4
1607     -5
1608     -5
1609     -6
1610     -8
1611     -8
1612     -9
1613     -9
1614     -10
1615     -11
1616     -12
1617     -13
1618     -14
1619     -14
1620     -14
1621     -15
1622     -16
1623     -16
1624     -16
1625     -17
1626     -18
1627     -18
1628     -18
1629     -19
1630     -19
1631     -19
1632     -19
1633     -20
1634     -20
1635     -20
1636     -21
1637     -21
1638     -21
1639     -21
1640     -21
1641     -21
1642     -21
1643     -20
1644     -20
1645     -20
1646     -20
1647     -20
1648     -19
1649     -19
1650     -19
1651     -19
1652     -18
1653     -17
1654     -18
1655     -17
1656     -17
1657     -17
1658     -16
1659     -14
1660     -14
1661     -13
1662     -12
1663     -12
1664     -12
1665     -10
1666     -10
1667     -9
1668     -8
1669     -8
1670     -7
1671     -7
1672     -5
1673     -4
1674     -3
1675     -3
1676     -2
1677     -1
1678     -1
1679     1
1680     1
1681     1
1682     2
1683     3
1684     4
1685     4
1686     7
1687     6
1688     8
1689     10
1690     9
1691     9
1692     10
1693     12
1694     12
1695     13
1696     13
1697     15
1698     15
1699     15
1700     15
1701     16
1702     16
1703     18
1704     17
1705     18
1706     18
1707     18
1708     19
1709     19
1710     20
1711     20
1712     20
1713     20
1714     20
1715     21
1716     22
1717     20
1718     20
1719     20
1720     20
1721     20
1722     20
1723     19
1724     20
1725     19
1726     19
1727     18
1728     19
1729     18
1730     18
1731     18
1732     17
1733     16
1734     16
1735     15
1736     15
1737     14
1738     14
1739     14
1740     13
1741     13
1742     11
1743     10
1744     10
1745     9
1746     8
1747     8
1748     7
1749     6
1750     5
1751     4
1752     3
1753     3
1754     2
1755     1
1756     -1
1757     -1
1758     -2
1759     -3
1760     -3
1761     -4
1762     -5
1763     -6
1764     -6
1765     -8
1766     -8
1767     -9
1768     -9
1769     -11
1770     -12
1771     -11
1772     -13
1773     -13
1774     -14
1775     -14
1776     -15
1777     -16
1778     -16
1779     -17
1780     -17
1781     -18
1782     -18
1783     -18
1784     -19
1785     -19
1786     -20
1787     -19
1788     -20
1789     -20
1790     -20
1791     -21
1792     -20
1793     -21
1794     -20
1795     -21
1796     -20
1797     -21
1798     -20
1799     -20
1800     -20
1801     -20
1802     -20
1803     -19
1804     -19
1805     -19
1806     -19
1807     -18
1808     -18
1809     -17
1810     -17
1811     -17
1812     -16
1813     -15
1814     -15
1815     -14
1816     -14
1817     -13
1818     -13
1819     -11
1820     -11
1821     -10
1822     -8
1823     -8
1824     -8
1825     -6
1826     -6
1827     -6
1828     -4
1829     -4
1830     -3
1831     -2
1832     -2
1833     -1
1834     1
1835     1
1836     2
1837     2
1838     3
1839     4
1840     6
1841     6
1842     6
1843     8
1844     8
1845     9
1846     10
1847     10
1848     11
1849     12
1850     13
1851     13
1852     14
1853     15
1854     15
1855     16
1856     16
1857     16
1858     17
1859     17
1860     18
1861     18
1862     19
1863     19
1864     19
1865     19
1866     20
1867     20
1868     20
1869     21
1870     21
1871     21
1872     21
1873     20
1874     20
1875     21
1876     20
1877     21
1878     20
1879     20
1880     20
1881     20
1882     18
1883     19
1884     18
1885     18
1886     17
1887     17
1888     17
1889     17
1890     16
1891     14
1892     15
1893     14
1894     14
1895     13
1896     12
1897     11
1898     11
1899     11
1900     9
1901     8
1902     8
1903     7
1904     5
1905     6
1906     4
1907     4
1908     3
1909     2
1910     1
1911     0
1912     0
1913     -2
1914     -2
1915     -3
1916     -4
1917     -4
1918     -5
1919     -5
1920     -7
1921     -8
1922     -9
1923     -9
1924     -10
1925     -10
1926     -11
1927     -12
1928     -13
1929     -14
1930     -15
1931     -15
1932     -15
1933     -15
1934     -16
1935     -16
1936     -17
1937     -17
1938     -18
1939     -19
1940     -18
1941     -19
1942     -19
1943     -20
1944     -20
1945     -20
1946     -20
1947     -20
1948     -20
1949     -21
1950     -20
1951     -20
1952     -21
1953     -20
1954     -21
1955     -20
1956     -20
1957     -20
1958     -20
1959     -19
1960     -18
1961     -19
1962     -18
1963     -17
1964     -17
1965     -17
1966     -16
1967     -16
1968     -16
1969     -15
1970     -14
1971     -14
1972     -13
1973     -12
1974     -12
1975     -11
1976     -10
1977     -11
1978     -9
1979     -8
1980     -8
1981     -6
1982     -6
1983     -5
1984     -4
1985     -3
1986     -2
1987     -2
1988     0
1989     -1
1990     1
1991     1
1992     2
1993     4
1994     4
1995     5
1996     6
1997     6
1998     8
1999     8
2000     10
2001     9
2002     11
2003     11
2004     12
2005     13
2006     13
2007     14
2008     14
2009     15
2010     16
2011     17
2012     17
2013     17
2014     17
2015     18
2016     18
2017     18
2018     20
2019     19
2020     19
2021     19
2022     20
2023     20
2024     21
2025     20
2026     21
2027     21
2028     21
2029     21
2030     20
2031     21
2032     20
2033     19
2034     20
2035     20
2036     19
2037     19
2038     19
2039     20
2040     18
2041     18
2042     18
2043     18
2044     16
2045     16
2046     15
2047     15
2048     14
2049     13
2050     13
2051     13
2052     11
2053     11
2054     10
2055     10
2056     8
2057     8
2058     7
2059     7
2060     6
2061     5
2062     4
2063     3
2064     2
2065     2
2066     1
2067     0
2068     -1
2069     -2
2070     -3
2071     -4
2072     -4
2073     -5
2074     -6
2075     -6
2076     -7
2077     -8
2078     -9
2079     -10
2080     -10
2081     -11
2082     -12
2083     -13
2084     -13
2085     -14
2086     -15
2087     -15
2088     -16
2089     -16
2090     -17
2091     -17
2092     -17
2093     -18
2094     -18
2095     -19
2096     -20
2097     -19
2098     -19
2099     -20
2100     -20
2101     -20
2102     -21
2103     -21
2104     -20
2105     -20
2106     -21
2107     -20
2108     -20
2109     -21
2110     -21
2111     -20
2112     -20
2113     -20
2114     -20
2115     -19
2116     -18
2117     -18
2118     -18
2119     -18
2120     -17
2121     -17
2122     -16
2123     -16
2124     -15
2125     -15
2126     -13
2127     -13
2128     -13
2129     -12
2130     -11
2131     -10
2132     -10
2133     -9
2134     -8
2135     -8
2136     -7
2137     -6
2138     -5
2139     -4
2140     -3
2141     -2
2142     -2
2143     -1
2144     1
2145     1
2146     2
2147     3
2148     3
2149     4
2150     5
2151     5
2152     6
2153     7
2154     7
2155     8
2156     10
2157     10
2158     11
2159     12
2160     13
2161     13
2162     13
2163     14
2164     14
2165     15
2166     15
2167     16
2168     16
2169     17
2170     17
2171     18
2172     18
2173     19
2174     18
2175     19
2176     19
2177     20
2178     20
2179     20
2180     20
2181     20
2182     20
2183     20
2184     21
2185     21
2186     20
2187     20
2188     19
2189     20
2190     21
2191     19
2192     19
2193     19
2194     19
2195     18
2196     18
2197     16
2198     17
2199     17
2200     15
2201     16
2202     15
2203     15
2204     13
2205     13
