1     7
2     8
3     6
4     5
5     4
6     4
7     3
8     2
9     1
10     1
11     -1
12     -2
13     -3
14     -4
15     -4
16     -5
17     -6
18     -7
19     -8
20     -9
21     -10
22     -10
23     -11
24     -12
25     -13
26     -13
27     -13
28     -15
29     -15
30     -16
31     -16
32     -17
33     -18
34     -18
35     -19
36     -18
37     -19
38     -19
39     -20
40     -20
41     -20
42     -21
43     -21
44     -21
45     -20
46     -21
47     -20
48     -21
49     -20
50     -20
51     -20
52     -20
53     -19
54     -19
55     -19
56     -18
57     -18
58     -16
59     -17
60     -16
61     -16
62     -15
63     -14
64     -13
65     -14
66     -13
67     -12
68     -12
69     -10
70     -10
71     -9
72     -8
73     -8
74     -6
75     -6
76     -5
77     -4
78     -3
79     -2
80     -1
81     -1
82     1
83     2
84     2
85     3
86     4
87     5
88     6
89     7
90     8
91     9
92     9
93     10
94     10
95     12
96     12
97     13
98     13
99     15
100     16
101     16
102     16
103     18
104     17
105     18
106     18
107     18
108     19
109     20
110     19
111     20
112     20
113     21
114     20
115     21
116     20
117     21
118     20
119     21
120     20
121     20
122     19
123     20
124     20
125     19
126     19
127     18
128     18
129     17
130     17
131     17
132     16
133     15
134     15
135     14
136     14
137     13
138     13
139     12
140     11
141     10
142     10
143     8
144     7
145     6
146     5
147     5
148     4
149     3
150     2
151     1
152     1
153     0
154     -1
155     -2
156     -3
157     -4
158     -5
159     -5
160     -6
161     -8
162     -8
163     -9
164     -10
165     -10
166     -11
167     -12
168     -14
169     -13
170     -15
171     -15
172     -16
173     -16
174     -17
175     -17
176     -19
177     -18
178     -19
179     -19
180     -19
181     -19
182     -20
183     -20
184     -20
185     -21
186     -20
187     -20
188     -21
189     -20
190     -21
191     -20
192     -20
193     -20
194     -20
195     -19
196     -19
197     -19
198     -18
199     -18
200     -18
201     -18
202     -18
203     -17
204     -16
205     -15
206     -15
207     -14
208     -14
209     -13
210     -12
211     -11
212     -11
213     -10
214     -9
215     -7
216     -7
217     -6
218     -5
219     -5
220     -3
221     -3
222     -1
223     -2
224     0
225     1
226     2
227     3
228     3
229     5
230     6
231     6
232     7
233     8
234     9
235     10
236     10
237     11
238     12
239     12
240     13
241     14
242     14
243     15
244     16
245     17
246     17
247     18
248     17
249     18
250     19
251     19
252     19
253     20
254     20
255     20
256     19
257     20
258     21
259     20
260     19
261     19
262     19
263     19
264     17
265     18
266     17
267     17
268     16
269     16
270     14
271     15
272     21
273     19
274     20
275     20
276     20
277     19
278     20
279     19
280     18
281     19
282     18
283     17
284     17
285     16
286     16
287     15
288     14
289     13
290     13
291     13
292     12
293     12
294     11
295     10
296     9
297     7
298     7
299     6
300     5
301     5
302     3
303     3
304     2
305     1
306     0
307     -1
308     -2
309     -3
310     -3
311     -4
312     -5
313     -6
314     -6
315     -8
316     -8
317     -9
318     -11
319     -11
320     -12
321     -14
322     -14
323     -14
324     -14
325     -15
326     -16
327     -17
328     -17
329     -17
330     -18
331     -19
332     -18
333     -19
334     -19
335     -20
336     -20
337     -20
338     -21
339     -20
340     -20
341     -21
342     -20
343     -20
344     -20
345     -21
346     -20
347     -20
348     -20
349     -20
350     -19
351     -19
352     -19
353     -19
354     -18
355     -16
356     -17
357     -17
358     -14
359     -14
360     -14
361     -13
362     -14
363     -13
364     -11
365     -11
366     -10
367     -9
368     -9
369     -8
370     -6
371     -5
372     -6
373     -4
374     -3
375     -2
376     -1
377     -1
378     0
379     1
380     2
381     3
382     5
383     6
384     6
385     7
386     7
387     8
388     9
389     9
390     11
391     11
392     12
393     13
394     14
395     15
396     15
397     16
398     16
399     16
400     16
401     18
402     18
403     19
404     18
405     19
406     20
407     20
408     20
409     19
410     20
411     21
412     21
413     21
414     21
415     21
416     20
417     20
418     20
419     20
420     20
421     19
422     18
423     19
424     18
425     18
426     18
427     17
428     16
429     16
430     15
431     14
432     14
433     13
434     13
435     12
436     11
437     11
438     10
439     9
440     8
441     7
442     6
443     5
444     5
445     4
446     3
447     2
448     0
449     0
450     0
451     -2
452     -2
453     -4
454     -4
455     -5
456     -6
457     -7
458     -8
459     -9
460     -10
461     -10
462     -11
463     -13
464     -12
465     -14
466     -14
467     -15
468     -15
469     -16
470     -17
471     -17
472     -18
473     -19
474     -18
475     -19
476     -19
477     -19
478     -19
479     -20
480     -20
481     -20
482     -21
483     -21
484     -20
485     -20
486     -21
487     -20
488     -20
489     -21
490     -19
491     -20
492     -19
493     -19
494     -18
495     -19
496     -17
497     -18
498     -17
499     -16
500     -16
501     -16
502     -15
503     -15
504     -14
505     -12
506     -12
507     -12
508     -10
509     -9
510     -9
511     -8
512     -7
513     -7
514     -5
515     -5
516     -4
517     -3
518     -3
519     -1
520     0
521     1
522     1
523     3
524     3
525     4
526     4
527     5
528     6
529     7
530     8
531     10
532     10
533     12
534     12
535     13
536     13
537     13
538     15
539     15
540     16
541     16
542     17
543     16
544     18
545     19
546     18
547     19
548     20
549     20
550     19
551     20
552     20
553     20
554     20
555     20
556     20
557     20
558     21
559     20
560     20
561     20
562     20
563     19
564     19
565     19
566     19
567     19
568     17
569     18
570     17
571     17
572     15
573     15
574     14
575     14
576     12
577     13
578     12
579     10
580     10
581     10
582     9
583     7
584     7
585     6
586     4
587     5
588     3
589     3
590     1
591     0
592     0
593     -2
594     -2
595     -3
596     -4
597     -5
598     -6
599     -6
600     -8
601     -9
602     -9
603     -10
604     -11
605     -12
606     -11
607     -13
608     -13
609     -14
610     -15
611     -16
612     -16
613     -16
614     -18
615     -17
616     -18
617     -19
618     -18
619     -19
620     -19
621     -20
622     -20
623     -20
624     -21
625     -21
626     -21
627     -21
628     -20
629     -21
630     -20
631     -20
632     -21
633     -20
634     -20
635     -20
636     -18
637     -19
638     -18
639     -17
640     -18
641     -17
642     -16
643     -16
644     -15
645     -15
646     -14
647     -14
648     -13
649     -11
650     -11
651     -10
652     -10
653     -8
654     -9
655     -7
656     -6
657     -5
658     -4
659     -4
660     -4
661     -2
662     -1
663     0
664     1
665     1
666     3
667     4
668     4
669     6
670     6
671     7
672     7
673     8
674     10
675     10
676     11
677     12
678     13
679     14
680     14
681     14
682     15
683     16
684     16
685     16
686     17
687     19
688     19
689     18
690     19
691     19
692     19
693     20
694     19
695     20
696     20
697     20
698     21
699     20
700     21
701     21
702     21
703     20
704     20
705     20
706     20
707     19
708     18
709     18
710     18
711     17
712     17
713     16
714     17
715     15
716     14
717     14
718     14
719     13
720     12
721     12
722     10
723     10
724     9
725     8
726     8
727     7
728     6
729     5
730     5
731     3
732     2
733     1
734     0
735     -1
736     -2
737     -2
738     -3
739     -4
740     -5
741     -6
742     -7
743     -9
744     -8
745     -10
746     -11
747     -11
748     -11
749     -12
750     -13
751     -13
752     -14
753     -15
754     -15
755     -16
756     -16
757     -17
758     -17
759     -18
760     -19
761     -19
762     -19
763     -19
764     -20
765     -20
766     -20
767     -20
768     -21
769     -21
770     -21
771     -20
772     -21
773     -20
774     -20
775     -20
776     -21
777     -19
778     -19
779     -20
780     -19
781     -19
782     -18
783     -18
784     -17
785     -16
786     -16
787     -15
788     -14
789     -14
790     -14
791     -12
792     -12
793     -11
794     -11
795     -9
796     -8
797     -8
798     -7
799     -6
800     -6
801     -5
802     -3
803     -3
804     -1
805     0
806     0
807     1
808     2
809     3
810     4
811     5
812     6
813     6
814     6
815     9
816     9
817     10
818     10
819     12
820     13
821     12
822     14
823     14
824     14
825     15
826     16
827     16
828     16
829     18
830     18
831     19
832     20
833     19
834     19
835     20
836     20
837     20
838     20
839     21
840     21
841     21
842     21
843     20
844     20
845     20
846     21
847     19
848     20
849     20
850     19
851     19
852     18
853     18
854     18
855     17
856     16
857     16
858     16
859     16
860     14
861     13
862     13
863     12
864     11
865     11
866     9
867     9
868     7
869     7
870     6
871     6
872     4
873     4
874     3
875     2
876     1
877     1
878     0
879     -2
880     -3
881     -4
882     -4
883     -5
884     -5
885     -7
886     -8
887     -9
888     -9
889     -10
890     -10
891     -12
892     -12
893     -13
894     -14
895     -15
896     -15
897     -15
898     -16
899     -18
900     -18
901     -19
902     -19
903     -18
904     -18
905     -19
906     -20
907     -20
908     -20
909     -20
910     -21
911     -20
912     -21
913     -21
914     -20
915     -20
916     -20
917     -20
918     -20
919     -20
920     -20
921     -19
922     -19
923     -18
924     -18
925     -18
926     -17
927     -17
928     -16
929     -16
930     -15
931     -14
932     -13
933     -13
934     -12
935     -11
936     -11
937     -10
938     -10
939     -8
940     -8
941     -6
942     -6
943     -5
944     -4
945     -3
946     -2
947     -1
948     0
949     0
950     1
951     2
952     3
953     4
954     5
955     6
956     7
957     7
958     9
959     9
960     10
961     10
962     12
963     12
964     14
965     15
966     15
967     15
968     16
969     16
970     16
971     18
972     18
973     18
974     19
975     19
976     19
977     20
978     20
979     20
980     20
981     20
982     20
983     21
984     21
985     20
986     21
987     20
988     20
989     20
990     19
991     19
992     19
993     19
994     18
995     18
996     18
997     18
998     17
999     17
1000     15
1001     15
1002     14
1003     14
1004     13
1005     13
1006     12
1007     11
1008     10
1009     9
1010     8
1011     8
1012     7
1013     7
1014     5
1015     5
1016     3
1017     2
1018     2
1019     0
1020     0
1021     -1
1022     -2
1023     -3
1024     -3
1025     -5
1026     -6
1027     -6
1028     -8
1029     -8
1030     -9
1031     -10
1032     -10
1033     -11
1034     -13
1035     -12
1036     -13
1037     -14
1038     -15
1039     -16
1040     -17
1041     -16
1042     -16
1043     -18
1044     -18
1045     -18
1046     -19
1047     -20
1048     -19
1049     -20
1050     -20
1051     -20
1052     -21
1053     -21
1054     -21
1055     -20
1056     -21
1057     -21
1058     -20
1059     -20
1060     -20
1061     -20
1062     -19
1063     -20
1064     -19
1065     -19
1066     -19
1067     -18
1068     -17
1069     -17
1070     -16
1071     -16
1072     -16
1073     -15
1074     -14
1075     -13
1076     -12
1077     -12
1078     -11
1079     -11
1080     -10
1081     -9
1082     -8
1083     -7
1084     -7
1085     -5
1086     -5
1087     -4
1088     -2
1089     -1
1090     -1
1091     0
1092     1
1093     2
1094     3
1095     3
1096     5
1097     5
1098     6
1099     7
1100     8
1101     8
1102     10
1103     11
1104     10
1105     12
1106     13
1107     14
1108     14
1109     15
1110     15
1111     15
1112     16
1113     17
1114     17
1115     18
1116     18
1117     19
1118     19
1119     20
1120     19
1121     20
1122     20
1123     19
1124     21
1125     21
1126     21
1127     21
1128     21
1129     21
1130     21
1131     21
1132     20
1133     20
1134     19
1135     19
1136     19
1137     19
1138     19
1139     18
1140     17
1141     17
1142     16
1143     17
1144     15
1145     14
1146     14
1147     13
1148     12
1149     11
1150     11
1151     10
1152     9
1153     8
1154     7
1155     8
1156     6
1157     5
1158     4
1159     2
1160     2
1161     2
1162     1
1163     0
1164     -2
1165     -2
1166     -3
1167     -4
1168     -5
1169     -6
1170     -6
1171     -7
1172     -8
1173     -9
1174     -10
1175     -11
1176     -12
1177     -12
1178     -12
1179     -14
1180     -15
1181     -15
1182     -15
1183     -16
1184     -16
1185     -17
1186     -17
1187     -18
1188     -18
1189     -19
1190     -19
1191     -20
1192     -20
1193     -20
1194     -20
1195     -21
1196     -20
1197     -21
1198     -20
1199     -21
1200     -20
1201     -20
1202     -20
1203     -20
1204     -19
1205     -20
1206     -19
1207     -19
1208     -18
1209     -18
1210     -18
1211     -18
1212     -17
1213     -16
1214     -16
1215     -15
1216     -15
1217     -14
1218     -12
1219     -12
1220     -11
1221     -11
1222     -11
1223     -9
1224     -9
1225     -8
1226     -7
1227     -6
1228     -5
1229     -5
1230     -3
1231     -3
1232     -1
1233     -1
1234     0
1235     1
1236     2
1237     3
1238     4
1239     4
1240     6
1241     7
1242     7
1243     7
1244     9
1245     9
1246     10
1247     12
1248     12
1249     13
1250     14
1251     14
1252     14
1253     15
1254     16
1255     16
1256     17
1257     17
1258     18
1259     19
1260     19
1261     19
1262     19
1263     20
1264     19
1265     20
1266     20
1267     20
1268     20
1269     21
1270     21
1271     20
1272     20
1273     20
1274     20
1275     19
1276     20
1277     19
1278     19
1279     19
1280     18
1281     18
1282     18
1283     18
1284     17
1285     16
1286     15
1287     16
1288     14
1289     13
1290     13
1291     12
1292     11
1293     11
1294     9
1295     9
1296     8
1297     7
1298     6
1299     6
1300     5
1301     4
1302     3
1303     3
1304     1
1305     0
1306     0
1307     -2
1308     -3
1309     -4
1310     -4
1311     -6
1312     -6
1313     -7
1314     -8
1315     -9
1316     -9
1317     -11
1318     -12
1319     -12
1320     -12
1321     -14
1322     -14
1323     -15
1324     -15
1325     -16
1326     -17
1327     -17
1328     -17
1329     -18
1330     -18
1331     -19
1332     -20
1333     -18
1334     -20
1335     -20
1336     -20
1337     -20
1338     -21
1339     -21
1340     -21
1341     -21
1342     -20
1343     -21
1344     -20
1345     -20
1346     -19
1347     -20
1348     -19
1349     -19
1350     -19
1351     -19
1352     -18
1353     -18
1354     -18
1355     -17
1356     -17
1357     -15
1358     -15
1359     -15
1360     -13
1361     -13
1362     -12
1363     -12
1364     -10
1365     -10
1366     -9
1367     -8
1368     -8
1369     -7
1370     -6
1371     -6
1372     -4
1373     -3
1374     -2
1375     -1
1376     -1
1377     1
1378     1
1379     2
1380     2
1381     3
1382     5
1383     5
1384     6
1385     7
1386     8
1387     9
1388     10
1389     11
1390     11
1391     12
1392     12
1393     13
1394     14
1395     15
1396     15
1397     17
1398     17
1399     17
1400     17
1401     17
1402     18
1403     18
1404     20
1405     20
1406     20
1407     19
1408     21
1409     20
1410     20
1411     20
1412     20
1413     20
1414     20
1415     20
1416     21
1417     20
1418     20
1419     19
1420     19
1421     19
1422     19
1423     19
1424     17
1425     17
1426     17
1427     16
1428     16
1429     15
1430     14
1431     13
1432     14
1433     12
1434     12
1435     11
1436     10
1437     10
1438     9
1439     8
1440     7
1441     6
1442     4
1443     4
1444     3
1445     3
1446     2
1447     1
1448     1
1449     -1
1450     -2
1451     -2
1452     -4
1453     -5
1454     -5
1455     -7
1456     -9
1457     -9
1458     -9
1459     -9
1460     -11
1461     -11
1462     -12
1463     -13
1464     -13
1465     -14
1466     -15
1467     -16
1468     -16
1469     -17
1470     -17
1471     -18
1472     -19
1473     -18
1474     -18
1475     -19
1476     -20
1477     -19
1478     -20
1479     -20
1480     -20
1481     -20
1482     -20
1483     -20
1484     -21
1485     -21
1486     -21
1487     -21
1488     -21
1489     -20
1490     -20
1491     -20
1492     -19
1493     -19
1494     -18
1495     -18
1496     -18
1497     -17
1498     -17
1499     -16
1500     -15
1501     -15
1502     -14
1503     -13
1504     -13
1505     -13
1506     -12
1507     -11
1508     -10
1509     -9
1510     -8
1511     -7
1512     -7
1513     -5
1514     -5
1515     -3
1516     -3
1517     -2
1518     -1
1519     0
1520     1
1521     1
1522     2
1523     4
1524     3
1525     5
1526     6
1527     6
1528     7
1529     9
1530     9
1531     10
1532     12
1533     11
1534     12
1535     13
1536     13
1537     14
1538     15
1539     16
1540     17
1541     17
1542     17
1543     18
1544     19
1545     19
1546     19
1547     20
1548     20
1549     19
1550     21
1551     20
1552     20
1553     20
1554     20
1555     21
1556     20
1557     21
1558     21
1559     20
1560     20
1561     19
1562     20
1563     20
1564     19
1565     18
1566     18
1567     18
1568     17
1569     16
1570     16
1571     15
1572     15
1573     14
1574     13
1575     13
1576     13
1577     12
1578     11
1579     10
1580     10
1581     8
1582     8
1583     6
1584     6
1585     5
1586     4
1587     2
1588     3
1589     1
1590     1
1591     -1
1592     -1
1593     -2
1594     -3
1595     -4
1596     -4
1597     -5
1598     -6
1599     -8
1600     -8
1601     -9
1602     -10
1603     -11
1604     -11
1605     -12
1606     -13
1607     -14
1608     -14
1609     -15
1610     -15
1611     -17
1612     -17
1613     -17
1614     -18
1615     -18
1616     -18
1617     -20
1618     -19
1619     -20
1620     -19
1621     -20
1622     -20
1623     -20
1624     -20
1625     -20
1626     -21
1627     -21
1628     -21
1629     -21
1630     -19
1631     -20
1632     -20
1633     -20
1634     -19
1635     -19
1636     -19
1637     -18
1638     -18
1639     -18
1640     -16
1641     -17
1642     -16
1643     -16
1644     -15
1645     -14
1646     -13
1647     -13
1648     -11
1649     -11
1650     -10
1651     -9
1652     -8
1653     -7
1654     -7
1655     -7
1656     -6
1657     -5
1658     -3
1659     -2
1660     -1
1661     -1
1662     0
1663     1
1664     2
1665     2
1666     4
1667     4
1668     6
1669     6
1670     8
1671     8
1672     8
1673     10
1674     10
1675     11
1676     12
1677     12
1678     14
1679     14
1680     14
1681     16
1682     16
1683     16
1684     17
1685     18
1686     18
1687     18
1688     19
1689     19
1690     20
1691     20
1692     20
1693     21
1694     19
1695     20
1696     21
1697     21
1698     21
1699     20
1700     21
1701     21
1702     20
1703     21
1704     20
1705     19
1706     19
1707     18
1708     18
1709     18
1710     18
1711     18
1712     16
1713     16
1714     15
1715     14
1716     15
1717     14
1718     13
1719     11
1720     11
1721     11
1722     11
1723     9
1724     8
1725     8
1726     7
1727     5
1728     5
1729     4
1730     2
1731     2
1732     1
1733     1
1734     0
1735     -2
1736     -2
1737     -3
1738     -4
1739     -5
1740     -5
1741     -7
1742     -8
1743     -8
1744     -10
1745     -10
1746     -11
1747     -12
1748     -12
1749     -14
1750     -14
1751     -14
1752     -16
1753     -16
1754     -16
1755     -17
1756     -17
1757     -18
1758     -18
1759     -18
1760     -19
1761     -20
1762     -20
1763     -19
1764     -20
1765     -21
1766     -20
1767     -20
1768     -21
1769     -20
1770     -21
1771     -20
1772     -21
1773     -20
1774     -20
1775     -20
1776     -20
1777     -19
1778     -19
1779     -18
1780     -18
1781     -18
1782     -17
1783     -17
1784     -16
1785     -15
1786     -15
1787     -15
1788     -14
1789     -12
1790     -13
1791     -11
1792     -11
1793     -11
1794     -9
1795     -9
1796     -8
1797     -7
1798     -6
1799     -5
1800     -4
1801     -3
1802     -3
1803     -2
1804     -1
1805     1
1806     2
1807     2
1808     3
1809     3
1810     4
1811     5
1812     6
1813     7
1814     9
1815     9
1816     10
1817     10
1818     12
1819     11
1820     13
1821     13
1822     15
1823     15
1824     15
1825     17
1826     16
1827     17
1828     17
1829     18
1830     18
1831     18
1832     19
1833     19
1834     19
1835     20
1836     20
1837     20
1838     20
1839     20
1840     21
1841     21
1842     19
1843     21
1844     20
1845     20
1846     20
1847     20
1848     19
1849     19
1850     18
1851     18
1852     18
1853     17
1854     17
1855     17
1856     17
1857     16
1858     14
1859     13
1860     13
1861     13
1862     12
1863     11
1864     10
1865     9
1866     9
1867     9
1868     7
1869     6
1870     5
1871     5
1872     3
1873     3
1874     2
1875     2
1876     0
1877     0
1878     -2
1879     -2
1880     -3
1881     -4
1882     -6
1883     -6
1884     -7
1885     -8
1886     -8
1887     -10
1888     -11
1889     -11
1890     -13
1891     -13
1892     -13
1893     -14
1894     -15
1895     -15
1896     -15
1897     -17
1898     -17
1899     -16
1900     -17
1901     -18
1902     -19
1903     -19
1904     -20
1905     -19
1906     -19
1907     -20
1908     -21
1909     -21
1910     -20
1911     -20
1912     -21
1913     -20
1914     -20
1915     -20
1916     -20
1917     -20
1918     -20
1919     -20
1920     -19
1921     -19
1922     -19
1923     -18
1924     -18
1925     -16
1926     -17
1927     -15
1928     -16
1929     -16
1930     -15
1931     -13
1932     -13
1933     -13
1934     -11
1935     -11
1936     -10
1937     -9
1938     -9
1939     -7
1940     -6
1941     -6
1942     -5
1943     -4
1944     -3
1945     -2
1946     -1
1947     -1
1948     1
1949     2
1950     1
1951     3
1952     3
1953     5
1954     5
1955     7
1956     7
1957     8
1958     9
1959     10
1960     11
1961     11
1962     12
1963     13
1964     13
1965     15
1966     15
1967     15
1968     16
1969     17
1970     17
1971     17
1972     18
1973     19
1974     19
1975     19
1976     19
1977     20
1978     19
1979     20
1980     21
1981     20
1982     21
1983     21
1984     21
1985     21
1986     20
1987     21
1988     21
1989     20
1990     20
1991     20
1992     20
1993     19
1994     19
1995     17
1996     17
1997     17
1998     16
1999     16
2000     15
2001     15
2002     14
2003     14
2004     13
2005     12
2006     12
2007     10
2008     10
2009     9
2010     8
2011     7
2012     5
2013     5
2014     5
2015     3
2016     3
2017     1
2018     1
2019     0
2020     -1
2021     -2
2022     -3
2023     -4
2024     -5
2025     -6
2026     -6
2027     -7
2028     -9
2029     -9
2030     -9
2031     -10
2032     -12
2033     -12
2034     -12
2035     -13
2036     -15
2037     -15
2038     -15
2039     -15
2040     -17
2041     -18
2042     -17
2043     -18
2044     -19
2045     -18
2046     -18
2047     -20
2048     -19
2049     -19
2050     -20
2051     -21
2052     -20
2053     -21
2054     -21
2055     -21
2056     -20
2057     -20
2058     -20
2059     -20
2060     -20
2061     -21
2062     -20
2063     -18
2064     -19
2065     -19
2066     -18
2067     -17
2068     -17
2069     -16
2070     -16
2071     -16
2072     -15
2073     -13
2074     -14
2075     -13
2076     -12
2077     -11
2078     -10
2079     -10
2080     -9
2081     -9
2082     -7
2083     -6
2084     -6
2085     -6
2086     -4
2087     -3
2088     -2
2089     -1
2090     0
2091     1
2092     2
2093     2
2094     4
2095     5
2096     6
2097     6
2098     7
2099     8
2100     8
2101     10
2102     10
2103     11
2104     12
2105     12
2106     13
2107     14
2108     15
2109     16
2110     16
2111     15
2112     16
2113     17
2114     17
2115     18
2116     19
2117     19
2118     19
2119     20
2120     20
2121     20
2122     20
2123     21
2124     20
2125     21
2126     21
2127     20
2128     21
2129     20
2130     21
2131     19
2132     20
2133     20
2134     20
2135     18
2136     19
2137     18
2138     18
2139     17
2140     17
2141     16
2142     16
2143     15
2144     14
2145     13
2146     14
2147     12
2148     12
2149     11
2150     10
2151     10
2152     8
2153     8
2154     7
2155     6
2156     5
2157     4
2158     3
2159     2
2160     2
2161     1
2162     -1
2163     -1
2164     -2
2165     -4
2166     -4
2167     -5
2168     -6
2169     -7
2170     -8
2171     -9
2172     -9
2173     -10
2174     -11
2175     -10
2176     -12
2177     -13
2178     -13
2179     -15
2180     -15
2181     -15
2182     -17
2183     -17
2184     -17
2185     -17
2186     -18
2187     -19
2188     -18
2189     -19
2190     -20
2191     -20
2192     -20
2193     -20
2194     -19
2195     -21
2196     -20
2197     -20
2198     -21
2199     -21
2200     -21
2201     -20
2202     -20
2203     -20
2204     -20
2205     -20
