1     -18
2     -18
3     -18
4     -17
5     -16
6     -15
7     -15
8     -14
9     -13
10     -12
11     -11
12     -11
13     -9
14     -9
15     -8
16     -7
17     -7
18     -5
19     -5
20     -4
21     -3
22     -1
23     -1
24     0
25     1
26     2
27     3
28     5
29     6
30     7
31     8
32     9
33     8
34     10
35     11
36     12
37     13
38     13
39     14
40     15
41     15
42     17
43     17
44     18
45     17
46     18
47     19
48     20
49     19
50     20
51     20
52     21
53     21
54     20
55     20
56     20
57     21
58     21
59     19
60     20
61     20
62     19
63     18
64     19
65     19
66     18
67     17
68     16
69     16
70     15
71     14
72     14
73     12
74     12
75     11
76     10
77     9
78     9
79     8
80     6
81     6
82     5
83     4
84     4
85     2
86     1
87     -1
88     -1
89     -2
90     -3
91     -4
92     -5
93     -6
94     -7
95     -8
96     -9
97     -10
98     -11
99     -11
100     -12
101     -13
102     -14
103     -15
104     -16
105     -16
106     -17
107     -17
108     -18
109     -18
110     -19
111     -19
112     -20
113     -19
114     -19
115     -21
116     -21
117     -21
118     -20
119     -21
120     -21
121     -20
122     -21
123     -19
124     -20
125     -19
126     -19
127     -19
128     -18
129     -18
130     -17
131     -17
132     -17
133     -15
134     -15
135     -15
136     -14
137     -13
138     -11
139     -11
140     -10
141     -9
142     -8
143     -8
144     -6
145     -6
146     -5
147     -3
148     -3
149     -1
150     0
151     2
152     1
153     3
154     4
155     4
156     5
157     6
158     7
159     8
160     10
161     10
162     10
163     12
164     12
165     13
166     14
167     16
168     15
169     16
170     15
171     17
172     18
173     18
174     19
175     19
176     19
177     20
178     20
179     20
180     20
181     20
182     20
183     20
184     20
185     21
186     20
187     19
188     20
189     19
190     19
191     18
192     17
193     18
194     17
195     17
196     16
197     15
198     15
199     14
200     13
201     13
202     11
203     11
204     10
205     9
206     8
207     7
208     6
209     5
210     4
211     3
212     2
213     1
214     0
215     -1
216     -1
217     -3
218     -5
219     -5
220     -7
221     -7
222     -7
223     -8
224     -10
225     -11
226     -12
227     -12
228     -13
229     -15
230     -14
231     -15
232     -17
233     -17
234     -17
235     -17
236     -18
237     -19
238     -19
239     -19
240     -20
241     -20
242     -19
243     -21
244     -20
245     -20
246     -20
247     -21
248     -20
249     -20
250     -19
251     -19
252     -20
253     -20
254     -19
255     -19
256     -18
257     -18
258     -17
259     -16
260     -11
261     -11
262     -9
263     -9
264     -7
265     -6
266     -7
267     -5
268     -4
269     -3
270     -2
271     0
272     -1
273     -3
274     0
275     2
276     2
277     3
278     4
279     5
280     7
281     7
282     8
283     9
284     10
285     10
286     12
287     13
288     14
289     14
290     15
291     16
292     16
293     17
294     16
295     18
296     19
297     18
298     19
299     20
300     19
301     20
302     20
303     21
304     21
305     21
306     21
307     20
308     21
309     21
310     20
311     20
312     20
313     20
314     19
315     18
316     17
317     17
318     17
319     16
320     15
321     15
322     14
323     13
324     12
325     12
326     12
327     11
328     9
329     9
330     8
331     6
332     5
333     4
334     3
335     2
336     2
337     0
338     0
339     -1
340     -3
341     -4
342     -5
343     -6
344     -7
345     -8
346     -9
347     -9
348     -10
349     -12
350     -11
351     -13
352     -13
353     -15
354     -15
355     -16
356     -17
357     -17
358     -18
359     -18
360     -19
361     -19
362     -19
363     -19
364     -19
365     -19
366     -20
367     -21
368     -21
369     -21
370     -20
371     -21
372     -20
373     -19
374     -19
375     -20
376     -19
377     -19
378     -19
379     -18
380     -18
381     -17
382     -16
383     -17
384     -16
385     -15
386     -14
387     -13
388     -13
389     -11
390     -11
391     -10
392     -8
393     -7
394     -7
395     -6
396     -5
397     -4
398     -3
399     -2
400     -1
401     0
402     1
403     2
404     3
405     3
406     5
407     6
408     7
409     8
410     9
411     10
412     11
413     11
414     12
415     13
416     13
417     14
418     15
419     16
420     16
421     17
422     18
423     17
424     19
425     19
426     20
427     20
428     20
429     20
430     20
431     20
432     20
433     21
434     20
435     20
436     21
437     20
438     19
439     19
440     19
441     19
442     18
443     18
444     17
445     17
446     16
447     16
448     15
449     14
450     13
451     13
452     12
453     11
454     10
455     9
456     7
457     7
458     6
459     5
460     4
461     3
462     2
463     1
464     0
465     0
466     -1
467     -3
468     -4
469     -4
470     -6
471     -6
472     -7
473     -9
474     -10
475     -10
476     -10
477     -13
478     -12
479     -13
480     -15
481     -15
482     -16
483     -17
484     -17
485     -17
486     -18
487     -19
488     -18
489     -18
490     -20
491     -20
492     -21
493     -20
494     -21
495     -21
496     -20
497     -20
498     -20
499     -21
500     -20
501     -20
502     -20
503     -20
504     -19
505     -18
506     -19
507     -18
508     -17
509     -16
510     -17
511     -14
512     -15
513     -14
514     -13
515     -12
516     -11
517     -10
518     -10
519     -9
520     -7
521     -6
522     -6
523     -4
524     -4
525     -3
526     -3
527     -1
528     0
529     1
530     3
531     2
532     4
533     5
534     6
535     7
536     8
537     9
538     10
539     11
540     12
541     12
542     14
543     14
544     14
545     15
546     16
547     16
548     17
549     18
550     18
551     18
552     19
553     19
554     20
555     21
556     20
557     21
558     20
559     20
560     20
561     21
562     20
563     20
564     20
565     19
566     20
567     19
568     19
569     18
570     18
571     18
572     17
573     17
574     16
575     15
576     14
577     13
578     13
579     13
580     11
581     10
582     10
583     9
584     7
585     6
586     5
587     5
588     3
589     2
590     1
591     0
592     0
593     -2
594     -2
595     -4
596     -4
597     -5
598     -7
599     -7
600     -9
601     -9
602     -11
603     -11
604     -12
605     -13
606     -14
607     -14
608     -15
609     -15
610     -15
611     -17
612     -18
613     -18
614     -18
615     -19
616     -19
617     -20
618     -19
619     -20
620     -20
621     -20
622     -21
623     -20
624     -20
625     -20
626     -20
627     -20
628     -20
629     -19
630     -19
631     -19
632     -19
633     -18
634     -18
635     -17
636     -17
637     -16
638     -16
639     -15
640     -14
641     -13
642     -12
643     -12
644     -10
645     -10
646     -8
647     -8
648     -7
649     -6
650     -5
651     -3
652     -3
653     -2
654     -1
655     0
656     0
657     2
658     4
659     4
660     6
661     6
662     7
663     8
664     9
665     9
666     11
667     12
668     13
669     12
670     14
671     14
672     15
673     15
674     16
675     16
676     18
677     18
678     19
679     19
680     19
681     20
682     20
683     20
684     20
685     20
686     21
687     20
688     21
689     20
690     20
691     20
692     20
693     19
694     20
695     19
696     19
697     18
698     18
699     17
700     17
701     16
702     15
703     15
704     13
705     13
706     11
707     11
708     11
709     10
710     9
711     8
712     6
713     6
714     5
715     5
716     2
717     2
718     0
719     0
720     -1
721     -2
722     -3
723     -5
724     -5
725     -6
726     -7
727     -8
728     -9
729     -10
730     -10
731     -12
732     -13
733     -12
734     -14
735     -15
736     -16
737     -16
738     -17
739     -17
740     -18
741     -18
742     -18
743     -19
744     -19
745     -20
746     -19
747     -20
748     -21
749     -21
750     -20
751     -21
752     -21
753     -20
754     -19
755     -20
756     -19
757     -19
758     -19
759     -19
760     -19
761     -17
762     -17
763     -17
764     -16
765     -15
766     -15
767     -14
768     -14
769     -12
770     -11
771     -11
772     -9
773     -9
774     -9
775     -7
776     -6
777     -6
778     -4
779     -4
780     -2
781     -1
782     0
783     1
784     2
785     3
786     4
787     5
788     6
789     7
790     8
791     9
792     9
793     10
794     11
795     12
796     13
797     14
798     15
799     16
800     15
801     18
802     17
803     17
804     18
805     20
806     19
807     20
808     19
809     19
810     20
811     20
812     20
813     20
814     21
815     20
816     21
817     20
818     21
819     20
820     19
821     20
822     19
823     18
824     18
825     17
826     17
827     17
828     16
829     15
830     15
831     14
832     13
833     12
834     11
835     11
836     9
837     8
838     8
839     7
840     5
841     5
842     3
843     3
844     1
845     0
846     0
847     -2
848     -2
849     -4
850     -4
851     -5
852     -7
853     -7
854     -8
855     -8
856     -10
857     -11
858     -12
859     -12
860     -13
861     -14
862     -15
863     -15
864     -17
865     -17
866     -18
867     -18
868     -19
869     -19
870     -18
871     -19
872     -20
873     -19
874     -20
875     -21
876     -20
877     -21
878     -21
879     -21
880     -20
881     -20
882     -20
883     -20
884     -19
885     -19
886     -19
887     -18
888     -18
889     -17
890     -16
891     -16
892     -15
893     -15
894     -14
895     -13
896     -12
897     -12
898     -11
899     -10
900     -9
901     -9
902     -8
903     -6
904     -5
905     -4
906     -4
907     -3
908     -1
909     1
910     1
911     2
912     3
913     4
914     5
915     6
916     7
917     8
918     9
919     10
920     11
921     11
922     12
923     14
924     15
925     15
926     15
927     16
928     17
929     18
930     17
931     19
932     19
933     19
934     20
935     19
936     20
937     20
938     20
939     21
940     20
941     20
942     20
943     20
944     21
945     20
946     20
947     19
948     19
949     19
950     19
951     19
952     17
953     17
954     17
955     15
956     16
957     15
958     14
959     13
960     12
961     11
962     11
963     10
964     10
965     7
966     7
967     6
968     5
969     4
970     2
971     2
972     1
973     0
974     -1
975     -2
976     -3
977     -4
978     -5
979     -6
980     -8
981     -8
982     -9
983     -10
984     -10
985     -11
986     -12
987     -13
988     -15
989     -15
990     -16
991     -16
992     -17
993     -17
994     -18
995     -18
996     -18
997     -19
998     -20
999     -19
1000     -20
1001     -20
1002     -20
1003     -20
1004     -21
1005     -20
1006     -21
1007     -20
1008     -21
1009     -20
1010     -19
1011     -19
1012     -19
1013     -20
1014     -18
1015     -18
1016     -17
1017     -17
1018     -16
1019     -16
1020     -15
1021     -14
1022     -13
1023     -12
1024     -12
1025     -11
1026     -10
1027     -9
1028     -8
1029     -7
1030     -6
1031     -5
1032     -5
1033     -3
1034     -3
1035     -1
1036     -1
1037     1
1038     2
1039     3
1040     4
1041     5
1042     6
1043     7
1044     8
1045     9
1046     9
1047     10
1048     11
1049     11
1050     12
1051     14
1052     14
1053     15
1054     15
1055     16
1056     17
1057     18
1058     19
1059     19
1060     19
1061     19
1062     20
1063     20
1064     20
1065     20
1066     21
1067     21
1068     20
1069     20
1070     20
1071     21
1072     20
1073     20
1074     19
1075     20
1076     19
1077     19
1078     18
1079     17
1080     17
1081     17
1082     15
1083     15
1084     14
1085     14
1086     13
1087     12
1088     11
1089     10
1090     10
1091     8
1092     8
1093     7
1094     6
1095     5
1096     3
1097     3
1098     2
1099     1
1100     0
1101     -2
1102     -3
1103     -4
1104     -4
1105     -6
1106     -6
1107     -8
1108     -7
1109     -9
1110     -10
1111     -11
1112     -12
1113     -12
1114     -13
1115     -14
1116     -15
1117     -15
1118     -16
1119     -17
1120     -17
1121     -18
1122     -18
1123     -19
1124     -19
1125     -19
1126     -20
1127     -20
1128     -20
1129     -20
1130     -20
1131     -20
1132     -20
1133     -21
1134     -20
1135     -20
1136     -21
1137     -20
1138     -20
1139     -20
1140     -18
1141     -18
1142     -18
1143     -18
1144     -16
1145     -16
1146     -16
1147     -15
1148     -14
1149     -13
1150     -12
1151     -12
1152     -11
1153     -10
1154     -9
1155     -9
1156     -7
1157     -6
1158     -6
1159     -5
1160     -3
1161     -2
1162     -1
1163     -1
1164     1
1165     2
1166     2
1167     4
1168     5
1169     5
1170     7
1171     7
1172     8
1173     10
1174     10
1175     12
1176     13
1177     12
1178     13
1179     15
1180     15
1181     16
1182     17
1183     17
1184     17
1185     18
1186     18
1187     19
1188     19
1189     20
1190     19
1191     19
1192     21
1193     19
1194     21
1195     20
1196     21
1197     21
1198     20
1199     20
1200     20
1201     20
1202     19
1203     20
1204     19
1205     18
1206     18
1207     17
1208     17
1209     17
1210     15
1211     15
1212     15
1213     13
1214     12
1215     12
1216     11
1217     10
1218     8
1219     8
1220     7
1221     5
1222     5
1223     4
1224     4
1225     3
1226     1
1227     0
1228     -1
1229     -3
1230     -3
1231     -4
1232     -4
1233     -7
1234     -7
1235     -8
1236     -9
1237     -10
1238     -11
1239     -11
1240     -12
1241     -13
1242     -14
1243     -15
1244     -15
1245     -16
1246     -16
1247     -17
1248     -18
1249     -18
1250     -18
1251     -19
1252     -20
1253     -20
1254     -20
1255     -20
1256     -20
1257     -20
1258     -22
1259     -20
1260     -20
1261     -21
1262     -20
1263     -21
1264     -19
1265     -20
1266     -19
1267     -18
1268     -19
1269     -18
1270     -17
1271     -17
1272     -16
1273     -16
1274     -14
1275     -14
1276     -13
1277     -13
1278     -12
1279     -11
1280     -10
1281     -9
1282     -9
1283     -7
1284     -6
1285     -5
1286     -4
1287     -3
1288     -2
1289     -2
1290     0
1291     1
1292     2
1293     3
1294     4
1295     5
1296     6
1297     7
1298     7
1299     8
1300     9
1301     11
1302     11
1303     11
1304     13
1305     14
1306     15
1307     14
1308     16
1309     16
1310     17
1311     18
1312     18
1313     18
1314     19
1315     19
1316     20
1317     20
1318     21
1319     20
1320     21
1321     20
1322     21
1323     20
1324     21
1325     20
1326     20
1327     19
1328     19
1329     19
1330     19
1331     18
1332     18
1333     17
1334     17
1335     17
1336     16
1337     15
1338     15
1339     14
1340     13
1341     12
1342     11
1343     11
1344     10
1345     9
1346     8
1347     7
1348     6
1349     5
1350     4
1351     3
1352     2
1353     1
1354     0
1355     -1
1356     -2
1357     -3
1358     -5
1359     -5
1360     -6
1361     -7
1362     -8
1363     -9
1364     -9
1365     -11
1366     -13
1367     -12
1368     -13
1369     -13
1370     -15
1371     -15
1372     -16
1373     -16
1374     -18
1375     -18
1376     -19
1377     -19
1378     -19
1379     -19
1380     -19
1381     -20
1382     -21
1383     -21
1384     -21
1385     -21
1386     -20
1387     -21
1388     -20
1389     -20
1390     -19
1391     -19
1392     -19
1393     -19
1394     -19
1395     -19
1396     -17
1397     -17
1398     -16
1399     -16
1400     -15
1401     -15
1402     -14
1403     -13
1404     -12
1405     -12
1406     -11
1407     -10
1408     -9
1409     -8
1410     -8
1411     -7
1412     -6
1413     -5
1414     -3
1415     -3
1416     -2
1417     -1
1418     1
1419     1
1420     3
1421     2
1422     4
1423     6
1424     6
1425     8
1426     9
1427     10
1428     10
1429     11
1430     12
1431     13
1432     13
1433     15
1434     14
1435     15
1436     17
1437     16
1438     18
1439     18
1440     19
1441     18
1442     19
1443     20
1444     20
1445     20
1446     20
1447     20
1448     21
1449     20
1450     21
1451     21
1452     20
1453     20
1454     20
1455     20
1456     19
1457     19
1458     19
1459     19
1460     18
1461     18
1462     17
1463     16
1464     16
1465     14
1466     14
1467     13
1468     12
1469     11
1470     11
1471     9
1472     9
1473     8
1474     7
1475     6
1476     6
1477     4
1478     3
1479     2
1480     1
1481     1
1482     -1
1483     -2
1484     -3
1485     -4
1486     -5
1487     -6
1488     -7
1489     -8
1490     -9
1491     -10
1492     -11
1493     -12
1494     -13
1495     -13
1496     -13
1497     -15
1498     -15
1499     -16
1500     -16
1501     -18
1502     -18
1503     -18
1504     -20
1505     -19
1506     -20
1507     -20
1508     -19
1509     -21
1510     -20
1511     -21
1512     -20
1513     -20
1514     -20
1515     -21
1516     -20
1517     -20
1518     -20
1519     -19
1520     -19
1521     -20
1522     -18
1523     -16
1524     -18
1525     -17
1526     -17
1527     -15
1528     -15
1529     -14
1530     -14
1531     -13
1532     -12
1533     -11
1534     -11
1535     -9
1536     -8
1537     -8
1538     -8
1539     -6
1540     -4
1541     -4
1542     -1
1543     -1
1544     -1
1545     1
1546     2
1547     2
1548     4
1549     5
1550     6
1551     7
1552     7
1553     8
1554     9
1555     10
1556     12
1557     11
1558     12
1559     13
1560     14
1561     15
1562     15
1563     17
1564     17
1565     17
1566     18
1567     18
1568     20
1569     19
1570     19
1571     20
1572     20
1573     20
1574     21
1575     20
1576     21
1577     20
1578     21
1579     21
1580     20
1581     20
1582     20
1583     19
1584     19
1585     19
1586     18
1587     18
1588     17
1589     17
1590     17
1591     15
1592     14
1593     14
1594     13
1595     12
1596     11
1597     11
1598     11
1599     9
1600     8
1601     7
1602     6
1603     6
1604     4
1605     4
1606     3
1607     2
1608     0
1609     -1
1610     -2
1611     -2
1612     -4
1613     -4
1614     -6
1615     -7
1616     -9
1617     -8
1618     -10
1619     -11
1620     -11
1621     -12
1622     -13
1623     -14
1624     -14
1625     -15
1626     -15
1627     -16
1628     -16
1629     -18
1630     -19
1631     -19
1632     -19
1633     -19
1634     -19
1635     -20
1636     -20
1637     -20
1638     -20
1639     -21
1640     -20
1641     -20
1642     -20
1643     -20
1644     -20
1645     -19
1646     -20
1647     -19
1648     -19
1649     -18
1650     -19
1651     -18
1652     -17
1653     -17
1654     -16
1655     -15
1656     -14
1657     -14
1658     -13
1659     -12
1660     -12
1661     -11
1662     -10
1663     -8
1664     -8
1665     -6
1666     -6
1667     -5
1668     -4
1669     -3
1670     -1
1671     0
1672     1
1673     1
1674     3
1675     4
1676     5
1677     5
1678     6
1679     7
1680     9
1681     10
1682     10
1683     11
1684     12
1685     12
1686     13
1687     14
1688     15
1689     15
1690     16
1691     16
1692     18
1693     18
1694     18
1695     19
1696     19
1697     20
1698     20
1699     19
1700     21
1701     21
1702     21
1703     20
1704     21
1705     20
1706     21
1707     20
1708     20
1709     20
1710     20
1711     19
1712     18
1713     18
1714     18
1715     17
1716     16
1717     17
1718     16
1719     15
1720     14
1721     15
1722     12
1723     12
1724     11
1725     10
1726     9
1727     9
1728     7
1729     7
1730     5
1731     5
1732     3
1733     3
1734     1
1735     1
1736     -1
1737     -2
1738     -3
1739     -4
1740     -5
1741     -5
1742     -6
1743     -8
1744     -8
1745     -10
1746     -10
1747     -12
1748     -12
1749     -13
1750     -14
1751     -15
1752     -15
1753     -16
1754     -16
1755     -17
1756     -17
1757     -18
1758     -18
1759     -19
1760     -19
1761     -20
1762     -20
1763     -20
1764     -21
1765     -20
1766     -20
1767     -21
1768     -21
1769     -20
1770     -20
1771     -20
1772     -20
1773     -19
1774     -19
1775     -19
1776     -18
1777     -17
1778     -17
1779     -17
1780     -17
1781     -16
1782     -15
1783     -14
1784     -13
1785     -13
1786     -13
1787     -11
1788     -11
1789     -9
1790     -9
1791     -8
1792     -7
1793     -6
1794     -6
1795     -4
1796     -3
1797     -2
1798     -1
1799     1
1800     1
1801     2
1802     3
1803     4
1804     5
1805     6
1806     7
1807     8
1808     9
1809     10
1810     11
1811     12
1812     13
1813     14
1814     15
1815     15
1816     16
1817     16
1818     17
1819     17
1820     17
1821     18
1822     19
1823     19
1824     19
1825     20
1826     19
1827     19
1828     20
1829     21
1830     21
1831     20
1832     21
1833     21
1834     21
1835     20
1836     20
1837     20
1838     19
1839     19
1840     19
1841     17
1842     17
1843     16
1844     16
1845     16
1846     15
1847     14
1848     14
1849     12
1850     11
1851     11
1852     10
1853     9
1854     8
1855     7
1856     6
1857     5
1858     4
1859     3
1860     2
1861     1
1862     0
1863     0
1864     -2
1865     -3
1866     -4
1867     -5
1868     -6
1869     -6
1870     -8
1871     -8
1872     -10
1873     -10
1874     -11
1875     -12
1876     -13
1877     -14
1878     -14
1879     -15
1880     -17
1881     -16
1882     -17
1883     -17
1884     -17
1885     -19
1886     -19
1887     -19
1888     -19
1889     -20
1890     -21
1891     -20
1892     -20
1893     -20
1894     -20
1895     -20
1896     -21
1897     -20
1898     -20
1899     -21
1900     -21
1901     -20
1902     -19
1903     -19
1904     -18
1905     -18
1906     -17
1907     -16
1908     -16
1909     -15
1910     -14
1911     -13
1912     -13
1913     -12
1914     -12
1915     -11
1916     -9
1917     -9
1918     -8
1919     -7
1920     -6
1921     -4
1922     -3
1923     -3
1924     -2
1925     -1
1926     0
1927     1
1928     2
1929     3
1930     4
1931     5
1932     6
1933     8
1934     9
1935     9
1936     10
1937     11
1938     12
1939     12
1940     13
1941     13
1942     14
1943     15
1944     15
1945     17
1946     17
1947     17
1948     18
1949     19
1950     19
1951     20
1952     19
1953     20
1954     21
1955     20
1956     21
1957     21
1958     21
1959     20
1960     21
1961     19
1962     21
1963     21
1964     19
1965     20
1966     19
1967     19
1968     18
1969     17
1970     17
1971     17
1972     16
1973     15
1974     14
1975     13
1976     13
1977     12
1978     10
1979     11
1980     9
1981     9
1982     7
1983     6
1984     5
1985     5
1986     4
1987     3
1988     1
1989     1
1990     0
1991     -2
1992     -2
1993     -4
1994     -4
1995     -5
1996     -6
1997     -7
1998     -8
1999     -9
2000     -10
2001     -11
2002     -12
2003     -13
2004     -14
2005     -14
2006     -14
2007     -16
2008     -17
2009     -17
2010     -18
2011     -17
2012     -19
2013     -19
2014     -20
2015     -19
2016     -20
2017     -20
2018     -20
2019     -20
2020     -20
2021     -20
2022     -20
2023     -20
2024     -20
2025     -20
2026     -20
2027     -19
2028     -19
2029     -19
2030     -19
2031     -18
2032     -17
2033     -17
2034     -17
2035     -16
2036     -15
2037     -14
2038     -13
2039     -13
2040     -12
2041     -11
2042     -11
2043     -10
2044     -9
2045     -8
2046     -7
2047     -5
2048     -5
2049     -4
2050     -3
2051     -2
2052     -1
2053     0
2054     1
2055     2
2056     4
2057     4
2058     5
2059     6
2060     7
2061     8
2062     9
2063     11
2064     11
2065     12
2066     12
2067     13
2068     15
2069     15
2070     16
2071     15
2072     17
2073     17
2074     18
2075     18
2076     18
2077     19
2078     19
2079     20
2080     20
2081     19
2082     20
2083     20
2084     20
2085     20
2086     21
2087     20
2088     19
2089     20
2090     20
2091     19
2092     19
2093     19
2094     19
2095     18
2096     18
2097     17
2098     17
2099     15
2100     15
2101     14
2102     14
2103     13
2104     11
2105     11
2106     10
2107     9
2108     9
2109     8
2110     7
2111     6
2112     5
2113     3
2114     3
2115     1
2116     1
2117     0
2118     -2
2119     -3
2120     -4
2121     -5
2122     -6
2123     -6
2124     -7
2125     -8
2126     -8
2127     -10
2128     -11
2129     -12
2130     -12
2131     -14
2132     -14
2133     -15
2134     -16
2135     -16
2136     -17
2137     -17
2138     -18
2139     -18
2140     -20
2141     -19
2142     -20
2143     -20
2144     -21
2145     -21
2146     -21
2147     -21
2148     -21
2149     -20
2150     -20
2151     -20
2152     -20
2153     -20
2154     -20
2155     -20
2156     -19
2157     -19
2158     -18
2159     -18
2160     -18
2161     -17
2162     -16
2163     -15
2164     -15
2165     -14
2166     -12
2167     -12
2168     -12
2169     -11
2170     -10
2171     -9
2172     -8
2173     -7
2174     -6
2175     -5
2176     -4
2177     -3
2178     -2
2179     -1
2180     0
2181     1
2182     2
2183     3
2184     4
2185     6
2186     6
2187     8
2188     8
2189     10
2190     9
2191     11
2192     11
2193     12
2194     12
2195     14
2196     15
2197     15
2198     16
2199     17
2200     18
2201     17
2202     18
2203     19
2204     18
2205     20
