1     -21
2     -21
3     -21
4     -19
5     -19
6     -18
7     -17
8     -15
9     -13
10     -12
11     -9
12     -8
13     -6
14     -4
15     -1
16     1
17     3
18     5
19     8
20     10
21     11
22     13
23     15
24     17
25     18
26     19
27     19
28     20
29     20
30     21
31     20
32     20
33     19
34     19
35     17
36     16
37     14
38     13
39     10
40     9
41     6
42     4
43     3
44     -1
45     -2
46     -4
47     -7
48     -9
49     -12
50     -13
51     -14
52     -16
53     -17
54     -19
55     -20
56     -21
57     -20
58     -21
59     -20
60     -20
61     -18
62     -18
63     -17
64     -16
65     -15
66     -12
67     -11
68     -9
69     -8
70     -5
71     -3
72     -1
73     2
74     4
75     7
76     8
77     10
78     13
79     14
80     15
81     17
82     18
83     19
84     20
85     20
86     20
87     21
88     21
89     19
90     18
91     18
92     16
93     15
94     14
95     12
96     10
97     8
98     6
99     4
100     1
101     -1
102     -4
103     -5
104     -7
105     -10
106     -11
107     -13
108     -15
109     -16
110     -17
111     -19
112     -19
113     -20
114     -20
115     -21
116     -20
117     -20
118     -19
119     -18
120     -17
121     -16
122     -14
123     -12
124     -10
125     -9
126     -6
127     -4
128     -3
129     0
130     3
131     5
132     7
133     9
134     11
135     13
136     15
137     15
138     17
139     18
140     19
141     20
142     21
143     20
144     21
145     20
146     20
147     18
148     18
149     16
150     14
151     13
152     11
153     9
154     7
155     5
156     4
157     0
158     -1
159     -4
160     -6
161     -8
162     -10
163     -12
164     -14
165     -15
166     -16
167     -18
168     -19
169     -20
170     -20
171     -20
172     -20
173     -20
174     -19
175     -19
176     -17
177     -16
178     -15
179     -13
180     -12
181     -10
182     -8
183     -6
184     -3
185     -1
186     1
187     3
188     5
189     8
190     10
191     11
192     14
193     15
194     17
195     17
196     19
197     20
198     19
199     21
200     21
201     21
202     20
203     19
204     19
205     18
206     15
207     15
208     12
209     10
210     9
211     7
212     4
213     2
214     0
215     -2
216     -4
217     -7
218     -9
219     -10
220     -14
221     -15
222     -16
223     -17
224     -18
225     -20
226     -19
227     -20
228     -20
229     -19
230     -19
231     -20
232     -19
233     -18
234     -16
235     -15
236     -13
237     -11
238     -10
239     -7
240     -5
241     -3
242     0
243     2
244     4
245     5
246     8
247     11
248     13
249     14
250     15
251     16
252     18
253     19
254     21
255     20
256     20
257     20
258     21
259     10
260     8
261     6
262     4
263     1
264     -1
265     -3
266     -6
267     -7
268     -10
269     -11
270     -13
271     -16
272     -14
273     -15
274     -17
275     -18
276     -19
277     -19
278     -20
279     -20
280     -21
281     -21
282     -20
283     -19
284     -19
285     -17
286     -16
287     -14
288     -12
289     -11
290     -9
291     -6
292     -4
293     -2
294     0
295     2
296     5
297     7
298     9
299     11
300     13
301     15
302     16
303     17
304     19
305     19
306     20
307     20
308     21
309     20
310     20
311     19
312     19
313     18
314     16
315     15
316     13
317     12
318     9
319     6
320     6
321     3
322     1
323     -2
324     -3
325     -6
326     -8
327     -10
328     -12
329     -14
330     -16
331     -17
332     -18
333     -19
334     -20
335     -21
336     -21
337     -21
338     -21
339     -20
340     -19
341     -18
342     -17
343     -14
344     -13
345     -12
346     -10
347     -8
348     -7
349     -3
350     -1
351     1
352     3
353     6
354     8
355     10
356     12
357     14
358     15
359     16
360     18
361     19
362     20
363     19
364     20
365     20
366     20
367     20
368     18
369     18
370     17
371     17
372     14
373     13
374     10
375     9
376     7
377     4
378     2
379     1
380     -2
381     -5
382     -7
383     -9
384     -11
385     -13
386     -14
387     -17
388     -18
389     -18
390     -20
391     -20
392     -20
393     -20
394     -21
395     -20
396     -19
397     -18
398     -18
399     -16
400     -15
401     -13
402     -12
403     -9
404     -7
405     -5
406     -3
407     0
408     2
409     3
410     6
411     8
412     11
413     12
414     14
415     16
416     16
417     18
418     19
419     20
420     20
421     21
422     20
423     20
424     19
425     19
426     18
427     17
428     16
429     14
430     12
431     10
432     8
433     6
434     4
435     1
436     -1
437     -3
438     -5
439     -7
440     -9
441     -12
442     -14
443     -15
444     -17
445     -18
446     -19
447     -20
448     -20
449     -20
450     -21
451     -20
452     -21
453     -19
454     -19
455     -17
456     -16
457     -15
458     -13
459     -11
460     -9
461     -6
462     -5
463     -2
464     0
465     3
466     5
467     7
468     8
469     11
470     13
471     14
472     16
473     17
474     18
475     19
476     21
477     20
478     20
479     20
480     20
481     19
482     19
483     17
484     16
485     15
486     13
487     11
488     9
489     7
490     5
491     2
492     0
493     -1
494     -4
495     -5
496     -8
497     -10
498     -12
499     -14
500     -16
501     -16
502     -18
503     -19
504     -19
505     -21
506     -20
507     -21
508     -20
509     -19
510     -19
511     -18
512     -17
513     -16
514     -13
515     -12
516     -10
517     -8
518     -6
519     -3
520     -2
521     2
522     3
523     5
524     7
525     9
526     11
527     14
528     14
529     16
530     17
531     19
532     20
533     20
534     20
535     20
536     20
537     20
538     20
539     18
540     17
541     15
542     15
543     13
544     10
545     8
546     7
547     4
548     2
549     0
550     -3
551     -5
552     -6
553     -8
554     -11
555     -12
556     -15
557     -16
558     -17
559     -19
560     -19
561     -20
562     -20
563     -21
564     -20
565     -20
566     -19
567     -19
568     -18
569     -17
570     -15
571     -12
572     -11
573     -10
574     -7
575     -4
576     -3
577     -1
578     2
579     4
580     6
581     7
582     10
583     12
584     14
585     15
586     16
587     17
588     18
589     20
590     20
591     20
592     20
593     21
594     20
595     19
596     17
597     17
598     15
599     15
600     12
601     10
602     8
603     6
604     4
605     1
606     -1
607     -3
608     -5
609     -7
610     -10
611     -12
612     -14
613     -15
614     -16
615     -18
616     -18
617     -19
618     -20
619     -21
620     -20
621     -20
622     -20
623     -19
624     -19
625     -17
626     -16
627     -14
628     -13
629     -11
630     -8
631     -7
632     -5
633     -2
634     0
635     3
636     5
637     6
638     8
639     10
640     12
641     14
642     17
643     17
644     18
645     20
646     19
647     20
648     20
649     21
650     20
651     20
652     19
653     17
654     16
655     15
656     14
657     11
658     9
659     8
660     6
661     2
662     1
663     -1
664     -3
665     -6
666     -8
667     -10
668     -11
669     -13
670     -15
671     -17
672     -17
673     -19
674     -19
675     -20
676     -21
677     -20
678     -20
679     -20
680     -18
681     -17
682     -17
683     -15
684     -14
685     -12
686     -10
687     -8
688     -6
689     -3
690     -1
691     0
692     3
693     5
694     8
695     9
696     11
697     14
698     14
699     16
700     17
701     19
702     19
703     20
704     20
705     21
706     20
707     20
708     19
709     19
710     17
711     16
712     14
713     13
714     11
715     9
716     6
717     4
718     3
719     0
720     -2
721     -5
722     -7
723     -9
724     -10
725     -13
726     -14
727     -16
728     -17
729     -18
730     -18
731     -20
732     -21
733     -20
734     -21
735     -20
736     -19
737     -18
738     -17
739     -17
740     -15
741     -14
742     -11
743     -10
744     -7
745     -6
746     -3
747     -2
748     1
749     3
750     5
751     8
752     11
753     11
754     14
755     15
756     16
757     18
758     19
759     20
760     20
761     20
762     21
763     20
764     20
765     19
766     19
767     17
768     16
769     14
770     12
771     11
772     8
773     5
774     4
775     2
776     0
777     -3
778     -5
779     -8
780     -10
781     -11
782     -13
783     -15
784     -17
785     -17
786     -18
787     -19
788     -20
789     -20
790     -20
791     -20
792     -20
793     -19
794     -19
795     -18
796     -16
797     -14
798     -13
799     -11
800     -9
801     -7
802     -5
803     -3
804     0
805     2
806     5
807     6
808     8
809     10
810     12
811     14
812     16
813     17
814     18
815     19
816     21
817     20
818     21
819     20
820     20
821     19
822     19
823     17
824     17
825     15
826     14
827     12
828     9
829     8
830     5
831     4
832     1
833     -2
834     -3
835     -5
836     -7
837     -9
838     -12
839     -14
840     -15
841     -16
842     -18
843     -19
844     -19
845     -20
846     -20
847     -20
848     -20
849     -20
850     -19
851     -18
852     -17
853     -16
854     -14
855     -13
856     -11
857     -8
858     -7
859     -3
860     -2
861     1
862     3
863     6
864     8
865     9
866     11
867     13
868     15
869     17
870     17
871     19
872     19
873     20
874     21
875     21
876     20
877     20
878     19
879     19
880     18
881     16
882     15
883     12
884     11
885     9
886     7
887     5
888     3
889     1
890     -2
891     -4
892     -7
893     -9
894     -11
895     -13
896     -15
897     -17
898     -17
899     -19
900     -20
901     -21
902     -20
903     -21
904     -20
905     -21
906     -20
907     -18
908     -18
909     -16
910     -15
911     -13
912     -12
913     -9
914     -8
915     -5
916     -2
917     -1
918     2
919     4
920     6
921     8
922     10
923     12
924     14
925     15
926     17
927     18
928     19
929     20
930     20
931     20
932     21
933     20
934     20
935     18
936     18
937     17
938     16
939     14
940     12
941     10
942     8
943     6
944     4
945     2
946     0
947     -3
948     -5
949     -7
950     -9
951     -11
952     -13
953     -15
954     -17
955     -18
956     -19
957     -20
958     -20
959     -20
960     -21
961     -21
962     -20
963     -20
964     -18
965     -18
966     -16
967     -15
968     -13
969     -11
970     -9
971     -7
972     -5
973     -2
974     -1
975     2
976     4
977     6
978     9
979     11
980     13
981     15
982     16
983     16
984     18
985     20
986     20
987     20
988     20
989     20
990     21
991     20
992     18
993     18
994     17
995     15
996     13
997     12
998     10
999     8
1000     5
1001     3
1002     1
1003     -1
1004     -4
1005     -6
1006     -8
1007     -9
1008     -12
1009     -13
1010     -14
1011     -17
1012     -17
1013     -19
1014     -19
1015     -20
1016     -21
1017     -20
1018     -21
1019     -20
1020     -19
1021     -18
1022     -17
1023     -16
1024     -14
1025     -13
1026     -11
1027     -9
1028     -6
1029     -3
1030     -1
1031     1
1032     2
1033     4
1034     7
1035     9
1036     11
1037     13
1038     14
1039     16
1040     17
1041     19
1042     20
1043     20
1044     20
1045     21
1046     21
1047     21
1048     19
1049     18
1050     17
1051     16
1052     15
1053     13
1054     11
1055     9
1056     7
1057     5
1058     2
1059     1
1060     -1
1061     -5
1062     -7
1063     -8
1064     -10
1065     -12
1066     -14
1067     -16
1068     -17
1069     -18
1070     -19
1071     -20
1072     -21
1073     -21
1074     -21
1075     -21
1076     -20
1077     -19
1078     -18
1079     -17
1080     -15
1081     -13
1082     -11
1083     -9
1084     -7
1085     -5
1086     -4
1087     -1
1088     1
1089     3
1090     6
1091     8
1092     9
1093     12
1094     14
1095     15
1096     16
1097     18
1098     19
1099     19
1100     20
1101     20
1102     21
1103     20
1104     19
1105     19
1106     18
1107     17
1108     16
1109     14
1110     13
1111     10
1112     9
1113     7
1114     3
1115     1
1116     0
1117     -2
1118     -5
1119     -8
1120     -9
1121     -12
1122     -12
1123     -14
1124     -16
1125     -18
1126     -19
1127     -19
1128     -20
1129     -21
1130     -21
1131     -21
1132     -20
1133     -20
1134     -19
1135     -18
1136     -17
1137     -14
1138     -13
1139     -11
1140     -9
1141     -7
1142     -5
1143     -3
1144     -1
1145     2
1146     4
1147     6
1148     9
1149     11
1150     12
1151     14
1152     16
1153     17
1154     18
1155     19
1156     20
1157     19
1158     21
1159     20
1160     21
1161     20
1162     18
1163     18
1164     16
1165     15
1166     14
1167     12
1168     9
1169     8
1170     6
1171     3
1172     1
1173     -1
1174     -3
1175     -5
1176     -8
1177     -9
1178     -12
1179     -13
1180     -15
1181     -17
1182     -18
1183     -18
1184     -19
1185     -21
1186     -20
1187     -20
1188     -20
1189     -19
1190     -19
1191     -18
1192     -18
1193     -15
1194     -14
1195     -13
1196     -11
1197     -9
1198     -7
1199     -4
1200     -2
1201     0
1202     2
1203     4
1204     7
1205     9
1206     11
1207     14
1208     14
1209     16
1210     18
1211     18
1212     19
1213     20
1214     20
1215     21
1216     20
1217     20
1218     19
1219     18
1220     18
1221     17
1222     15
1223     12
1224     12
1225     8
1226     7
1227     5
1228     3
1229     1
1230     -2
1231     -5
1232     -6
1233     -9
1234     -10
1235     -12
1236     -15
1237     -16
1238     -16
1239     -18
1240     -19
1241     -19
1242     -20
1243     -22
1244     -21
1245     -20
1246     -20
1247     -19
1248     -18
1249     -16
1250     -15
1251     -13
1252     -13
1253     -10
1254     -8
1255     -6
1256     -4
1257     -1
1258     2
1259     4
1260     5
1261     8
1262     9
1263     12
1264     13
1265     14
1266     16
1267     18
1268     19
1269     19
1270     20
1271     21
1272     20
1273     19
1274     20
1275     19
1276     18
1277     17
1278     16
1279     15
1280     13
1281     11
1282     9
1283     7
1284     3
1285     2
1286     0
1287     -2
1288     -5
1289     -6
1290     -9
1291     -11
1292     -13
1293     -15
1294     -16
1295     -17
1296     -19
1297     -20
1298     -19
1299     -21
1300     -20
1301     -21
1302     -20
1303     -19
1304     -18
1305     -17
1306     -16
1307     -14
1308     -12
1309     -11
1310     -10
1311     -7
1312     -5
1313     -3
1314     -1
1315     1
1316     4
1317     6
1318     8
1319     10
1320     13
1321     14
1322     15
1323     17
1324     18
1325     20
1326     20
1327     20
1328     21
1329     21
1330     20
1331     19
1332     19
1333     17
1334     16
1335     16
1336     13
1337     12
1338     10
1339     8
1340     6
1341     3
1342     1
1343     -1
1344     -3
1345     -5
1346     -7
1347     -9
1348     -12
1349     -13
1350     -15
1351     -16
1352     -18
1353     -18
1354     -19
1355     -20
1356     -20
1357     -21
1358     -21
1359     -20
1360     -20
1361     -18
1362     -17
1363     -15
1364     -13
1365     -12
1366     -11
1367     -9
1368     -7
1369     -4
1370     -2
1371     0
1372     3
1373     5
1374     7
1375     9
1376     11
1377     12
1378     15
1379     16
1380     18
1381     19
1382     18
1383     20
1384     20
1385     20
1386     21
1387     19
1388     20
1389     19
1390     17
1391     17
1392     15
1393     13
1394     11
1395     9
1396     8
1397     5
1398     3
1399     0
1400     -1
1401     -4
1402     -6
1403     -8
1404     -11
1405     -12
1406     -14
1407     -16
1408     -17
1409     -18
1410     -19
1411     -19
1412     -20
1413     -20
1414     -21
1415     -21
1416     -20
1417     -19
1418     -18
1419     -17
1420     -15
1421     -13
1422     -13
1423     -10
1424     -8
1425     -5
1426     -3
1427     -1
1428     1
1429     3
1430     5
1431     7
1432     10
1433     11
1434     13
1435     16
1436     16
1437     18
1438     18
1439     19
1440     20
1441     20
1442     21
1443     20
1444     20
1445     19
1446     18
1447     18
1448     15
1449     14
1450     12
1451     11
1452     8
1453     6
1454     4
1455     2
1456     0
1457     -2
1458     -5
1459     -7
1460     -9
1461     -11
1462     -13
1463     -15
1464     -16
1465     -17
1466     -19
1467     -19
1468     -19
1469     -20
1470     -20
1471     -20
1472     -20
1473     -20
1474     -19
1475     -17
1476     -16
1477     -14
1478     -12
1479     -12
1480     -10
1481     -7
1482     -5
1483     -3
1484     -1
1485     1
1486     4
1487     7
1488     9
1489     10
1490     12
1491     13
1492     16
1493     17
1494     17
1495     20
1496     20
1497     21
1498     20
1499     20
1500     20
1501     19
1502     19
1503     18
1504     17
1505     14
1506     14
1507     13
1508     11
1509     7
1510     7
1511     4
1512     1
1513     -1
1514     -3
1515     -5
1516     -7
1517     -10
1518     -12
1519     -12
1520     -14
1521     -17
1522     -17
1523     -18
1524     -20
1525     -21
1526     -21
1527     -20
1528     -20
1529     -20
1530     -20
1531     -19
1532     -17
1533     -16
1534     -14
1535     -12
1536     -10
1537     -9
1538     -6
1539     -5
1540     -2
1541     1
1542     3
1543     4
1544     7
1545     9
1546     11
1547     13
1548     15
1549     16
1550     17
1551     19
1552     19
1553     20
1554     22
1555     21
1556     21
1557     20
1558     19
1559     18
1560     18
1561     16
1562     15
1563     13
1564     10
1565     10
1566     7
1567     5
1568     2
1569     1
1570     -1
1571     -4
1572     -5
1573     -8
1574     -10
1575     -13
1576     -14
1577     -15
1578     -16
1579     -18
1580     -19
1581     -19
1582     -19
1583     -21
1584     -21
1585     -20
1586     -20
1587     -20
1588     -18
1589     -17
1590     -16
1591     -13
1592     -12
1593     -10
1594     -8
1595     -5
1596     -5
1597     -2
1598     1
1599     3
1600     5
1601     8
1602     10
1603     12
1604     14
1605     14
1606     17
1607     18
1608     19
1609     20
1610     20
1611     20
1612     21
1613     21
1614     20
1615     19
1616     19
1617     17
1618     15
1619     15
1620     13
1621     11
1622     9
1623     7
1624     4
1625     2
1626     1
1627     -3
1628     -5
1629     -7
1630     -9
1631     -10
1632     -12
1633     -13
1634     -16
1635     -17
1636     -19
1637     -20
1638     -20
1639     -20
1640     -20
1641     -20
1642     -20
1643     -20
1644     -19
1645     -18
1646     -16
1647     -15
1648     -13
1649     -11
1650     -10
1651     -7
1652     -6
1653     -3
1654     0
1655     1
1656     4
1657     6
1658     8
1659     11
1660     12
1661     14
1662     15
1663     17
1664     19
1665     19
1666     19
1667     21
1668     20
1669     20
1670     20
1671     20
1672     19
1673     18
1674     17
1675     15
1676     14
1677     13
1678     11
1679     8
1680     6
1681     3
1682     1
1683     -1
1684     -2
1685     -6
1686     -7
1687     -9
1688     -11
1689     -14
1690     -15
1691     -17
1692     -18
1693     -18
1694     -20
1695     -20
1696     -20
1697     -20
1698     -20
1699     -20
1700     -19
1701     -18
1702     -16
1703     -16
1704     -14
1705     -13
1706     -11
1707     -8
1708     -7
1709     -4
1710     -2
1711     0
1712     3
1713     5
1714     8
1715     9
1716     11
1717     12
1718     14
1719     16
1720     17
1721     19
1722     19
1723     20
1724     21
1725     21
1726     21
1727     20
1728     20
1729     19
1730     18
1731     16
1732     16
1733     13
1734     11
1735     9
1736     7
1737     5
1738     4
1739     0
1740     -1
1741     -3
1742     -6
1743     -8
1744     -11
1745     -11
1746     -14
1747     -16
1748     -17
1749     -17
1750     -20
1751     -20
1752     -20
1753     -19
1754     -20
1755     -19
1756     -20
1757     -18
1758     -19
1759     -18
1760     -15
1761     -13
1762     -12
1763     -10
1764     -8
1765     -7
1766     -4
1767     -3
1768     1
1769     3
1770     5
1771     8
1772     10
1773     11
1774     13
1775     15
1776     16
1777     18
1778     18
1779     20
1780     21
1781     20
1782     20
1783     21
1784     20
1785     20
1786     18
1787     18
1788     16
1789     14
1790     13
1791     11
1792     8
1793     6
1794     4
1795     2
1796     0
1797     -2
1798     -4
1799     -7
1800     -7
1801     -11
1802     -13
1803     -14
1804     -15
1805     -17
1806     -18
1807     -20
1808     -20
1809     -20
1810     -20
1811     -21
1812     -21
1813     -19
1814     -19
1815     -17
1816     -16
1817     -15
1818     -13
1819     -12
1820     -9
1821     -8
1822     -5
1823     -4
1824     -1
1825     1
1826     4
1827     6
1828     8
1829     10
1830     12
1831     14
1832     15
1833     16
1834     19
1835     19
1836     19
1837     21
1838     20
1839     20
1840     20
1841     19
1842     19
1843     18
1844     16
1845     16
1846     13
1847     13
1848     10
1849     8
1850     6
1851     4
1852     2
1853     0
1854     -2
1855     -5
1856     -8
1857     -9
1858     -11
1859     -13
1860     -14
1861     -16
1862     -17
1863     -19
1864     -19
1865     -21
1866     -21
1867     -21
1868     -21
1869     -19
1870     -19
1871     -19
1872     -16
1873     -16
1874     -15
1875     -12
1876     -11
1877     -9
1878     -8
1879     -4
1880     -2
1881     0
1882     2
1883     4
1884     7
1885     8
1886     10
1887     12
1888     14
1889     16
1890     17
1891     18
1892     19
1893     20
1894     20
1895     21
1896     20
1897     20
1898     19
1899     18
1900     17
1901     16
1902     15
1903     13
1904     12
1905     9
1906     7
1907     6
1908     4
1909     1
1910     -1
1911     -3
1912     -6
1913     -8
1914     -10
1915     -12
1916     -13
1917     -15
1918     -17
1919     -18
1920     -19
1921     -20
1922     -20
1923     -20
1924     -20
1925     -21
1926     -20
1927     -19
1928     -18
1929     -17
1930     -15
1931     -13
1932     -12
1933     -10
1934     -9
1935     -6
1936     -4
1937     -2
1938     1
1939     3
1940     5
1941     7
1942     9
1943     11
1944     13
1945     15
1946     16
1947     18
1948     18
1949     20
1950     20
1951     20
1952     20
1953     21
1954     20
1955     20
1956     19
1957     17
1958     16
1959     14
1960     12
1961     12
1962     9
1963     8
1964     5
1965     2
1966     1
1967     -2
1968     -4
1969     -7
1970     -9
1971     -10
1972     -12
1973     -14
1974     -16
1975     -16
1976     -18
1977     -19
1978     -20
1979     -21
1980     -20
1981     -20
1982     -20
1983     -19
1984     -18
1985     -17
1986     -17
1987     -15
1988     -14
1989     -12
1990     -10
1991     -8
1992     -5
1993     -3
1994     -1
1995     2
1996     3
1997     6
1998     8
1999     10
2000     12
2001     14
2002     15
2003     17
2004     18
2005     19
2006     20
2007     19
2008     20
2009     21
2010     21
2011     20
2012     18
2013     18
2014     17
2015     16
2016     13
2017     13
2018     10
2019     8
2020     6
2021     4
2022     2
2023     0
2024     -3
2025     -5
2026     -7
2027     -9
2028     -11
2029     -13
2030     -14
2031     -17
2032     -17
2033     -19
2034     -20
2035     -20
2036     -20
2037     -20
2038     -20
2039     -20
2040     -19
2041     -19
2042     -17
2043     -17
2044     -14
2045     -12
2046     -11
2047     -9
2048     -7
2049     -4
2050     -3
2051     0
2052     2
2053     5
2054     6
2055     9
2056     10
2057     12
2058     13
2059     16
2060     17
2061     18
2062     18
2063     19
2064     20
2065     21
2066     20
2067     20
2068     19
2069     18
2070     18
2071     17
2072     15
2073     14
2074     12
2075     9
2076     7
2077     5
2078     3
2079     1
2080     -1
2081     -3
2082     -5
2083     -8
2084     -9
2085     -12
2086     -13
2087     -15
2088     -16
2089     -17
2090     -18
2091     -19
2092     -21
2093     -21
2094     -20
2095     -21
2096     -20
2097     -18
2098     -19
2099     -17
2100     -15
2101     -14
2102     -12
2103     -9
2104     -8
2105     -6
2106     -4
2107     -2
2108     1
2109     3
2110     5
2111     8
2112     10
2113     11
2114     13
2115     15
2116     17
2117     17
2118     19
2119     20
2120     19
2121     21
2122     20
2123     21
2124     20
2125     19
2126     19
2127     17
2128     17
2129     15
2130     13
2131     11
2132     9
2133     8
2134     5
2135     2
2136     0
2137     -2
2138     -4
2139     -7
2140     -9
2141     -11
2142     -13
2143     -14
2144     -16
2145     -17
2146     -18
2147     -19
2148     -20
2149     -20
2150     -21
2151     -20
2152     -20
2153     -20
2154     -19
2155     -18
2156     -16
2157     -15
2158     -14
2159     -11
2160     -10
2161     -7
2162     -6
2163     -4
2164     -1
2165     1
2166     4
2167     6
2168     8
2169     10
2170     11
2171     13
2172     15
2173     16
2174     19
2175     19
2176     19
2177     19
2178     21
2179     20
2180     21
2181     20
2182     19
2183     18
2184     16
2185     15
2186     14
2187     12
2188     10
2189     8
2190     6
2191     4
2192     1
2193     0
2194     -3
2195     -5
2196     -6
2197     -9
2198     -11
2199     -13
2200     -14
2201     -16
2202     -17
2203     -18
2204     -19
2205     -20
