1     14
2     14
3     13
4     13
5     13
6     13
7     12
8     11
9     11
10     10
11     8
12     8
13     7
14     6
15     5
16     4
17     2
18     1
19     0
20     -1
21     -3
22     -3
23     -4
24     -6
25     -7
26     -7
27     -9
28     -10
29     -10
30     -11
31     -12
32     -12
33     -14
34     -14
35     -13
36     -14
37     -14
38     -14
39     -15
40     -14
41     -13
42     -13
43     -13
44     -12
45     -12
46     -12
47     -10
48     -8
49     -8
50     -2
51     9
52     9
53     10
54     12
55     12
56     12
57     13
58     13
59     15
60     15
61     14
62     14
63     14
64     15
65     14
66     13
67     13
68     12
69     12
70     11
71     11
72     10
73     9
74     9
75     7
76     6
77     5
78     4
79     3
80     1
81     0
82     0
83     -2
84     -4
85     -4
86     -6
87     -6
88     -8
89     -8
90     -9
91     -11
92     -11
93     -12
94     -13
95     -13
96     -14
97     -14
98     -14
99     -14
100     -13
101     -14
102     -14
103     -15
104     -13
105     -13
106     -12
107     -12
108     -11
109     -11
110     -11
111     -10
112     -8
113     -8
114     -6
115     -6
116     -5
117     -3
118     -3
119     0
120     1
121     2
122     4
123     4
124     6
125     6
126     7
127     9
128     9
129     10
130     11
131     12
132     12
133     13
134     13
135     14
136     14
137     15
138     14
139     14
140     13
141     14
142     14
143     14
144     13
145     13
146     12
147     12
148     11
149     10
150     9
151     7
152     6
153     5
154     4
155     3
156     2
157     1
158     -1
159     -2
160     -3
161     -4
162     -6
163     -6
164     -8
165     -8
166     -10
167     -10
168     -11
169     -12
170     -12
171     -13
172     -13
173     -14
174     -14
175     -14
176     -14
177     -15
178     -14
179     -14
180     -14
181     -13
182     -13
183     -12
184     -12
185     -11
186     -10
187     -9
188     -8
189     -7
190     -6
191     -6
192     -5
193     -2
194     -1
195     0
196     0
197     2
198     4
199     4
200     6
201     7
202     7
203     8
204     9
205     10
206     11
207     12
208     13
209     13
210     13
211     14
212     14
213     15
214     15
215     14
216     13
217     14
218     14
219     14
220     13
221     12
222     12
223     11
224     10
225     10
226     8
227     7
228     6
229     5
230     4
231     3
232     1
233     1
234     -1
235     -2
236     -3
237     -4
238     -5
239     -6
240     -7
241     -8
242     -8
243     -11
244     -11
245     -12
246     -12
247     -13
248     -13
249     -14
250     -14
251     -15
252     -15
253     -14
254     -14
255     -14
256     -13
257     -14
258     -13
259     -12
260     -12
261     -11
262     -10
263     -9
264     -8
265     -8
266     -6
267     -5
268     -4
269     -2
270     -2
271     0
272     1
273     2
274     3
275     4
276     5
277     7
278     7
279     9
280     9
281     10
282     11
283     12
284     12
285     13
286     13
287     14
288     15
289     14
290     13
291     15
292     14
293     15
294     13
295     14
296     13
297     13
298     11
299     11
300     10
301     9
302     8
303     8
304     7
305     5
306     3
307     3
308     2
309     0
310     -1
311     -2
312     -3
313     -4
314     -4
315     -5
316     -7
317     -8
318     -9
319     -11
320     -10
321     -11
322     -12
323     -13
324     -13
325     -14
326     -14
327     -14
328     -14
329     -14
330     -14
331     -14
332     -13
333     -13
334     -14
335     -12
336     -12
337     -11
338     -10
339     -10
340     -8
341     -7
342     -6
343     -5
344     -4
345     -4
346     -2
347     0
348     1
349     2
350     3
351     5
352     6
353     7
354     7
355     8
356     9
357     11
358     11
359     12
360     12
361     13
362     13
363     14
364     14
365     14
366     14
367     14
368     14
369     14
370     14
371     14
372     13
373     13
374     12
375     11
376     10
377     9
378     8
379     8
380     6
381     5
382     5
383     3
384     1
385     1
386     -1
387     -2
388     -2
389     -5
390     -6
391     -6
392     -7
393     -9
394     -9
395     -9
396     -10
397     -11
398     -12
399     -12
400     -14
401     -13
402     -14
403     -15
404     -15
405     -15
406     -14
407     -14
408     -14
409     -13
410     -12
411     -12
412     -12
413     -11
414     -10
415     -10
416     -8
417     -8
418     -6
419     -5
420     -4
421     -2
422     -2
423     0
424     0
425     1
426     3
427     5
428     5
429     6
430     8
431     8
432     10
433     10
434     11
435     12
436     13
437     13
438     14
439     14
440     14
441     14
442     15
443     14
444     15
445     15
446     13
447     13
448     12
449     13
450     11
451     11
452     10
453     9
454     8
455     8
456     6
457     5
458     3
459     3
460     1
461     0
462     -1
463     -1
464     -3
465     -3
466     -5
467     -6
468     -7
469     -8
470     -9
471     -9
472     -11
473     -11
474     -12
475     -13
476     -13
477     -14
478     -14
479     -13
480     -15
481     -14
482     -15
483     -15
484     -13
485     -14
486     -12
487     -12
488     -12
489     -11
490     -11
491     -8
492     -9
493     -8
494     -6
495     -5
496     -4
497     -3
498     -3
499     -1
500     0
501     2
502     4
503     4
504     5
505     6
506     7
507     8
508     10
509     10
510     11
511     11
512     13
513     13
514     13
515     13
516     14
517     14
518     14
519     14
520     13
521     13
522     14
523     14
524     13
525     13
526     11
527     11
528     10
529     9
530     9
531     7
532     6
533     5
534     5
535     4
536     2
537     0
538     -1
539     -2
540     -3
541     -3
542     -4
543     -7
544     -7
545     -7
546     -10
547     -10
548     -11
549     -12
550     -13
551     -13
