1     -11
2     -9
3     -9
4     -7
5     -6
6     -3
7     -2
8     0
9     2
10     4
11     5
12     7
13     8
14     10
15     11
16     12
17     13
18     13
19     14
20     15
21     14
22     14
23     14
24     13
25     12
26     12
27     10
28     9
29     8
30     5
31     4
32     2
33     0
34     -1
35     -3
36     -5
37     -6
38     -8
39     -10
40     -11
41     -11
42     -12
43     -14
44     -13
45     -14
46     -16
47     -13
48     -15
49     -10
50     -12
51     4
52     13
53     9
54     10
55     7
56     6
57     4
58     2
59     1
60     -1
61     -4
62     -5
63     -7
64     -8
65     -10
66     -11
67     -12
68     -13
69     -14
70     -14
71     -15
72     -15
73     -14
74     -13
75     -13
76     -13
77     -11
78     -11
79     -9
80     -8
81     -6
82     -4
83     -3
84     -2
85     1
86     3
87     5
88     6
89     8
90     9
91     10
92     12
93     13
94     13
95     14
96     13
97     14
98     14
99     14
100     15
101     13
102     12
103     10
104     10
105     8
106     7
107     5
108     3
109     1
110     -1
111     -3
112     -4
113     -6
114     -7
115     -9
116     -11
117     -11
118     -13
119     -13
120     -14
121     -14
122     -14
123     -14
124     -14
125     -14
126     -13
127     -11
128     -11
129     -10
130     -8
131     -6
132     -6
133     -4
134     -2
135     0
136     2
137     4
138     5
139     6
140     7
141     10
142     11
143     12
144     13
145     14
146     14
147     15
148     15
149     15
150     14
151     13
152     12
153     11
154     10
155     9
156     8
157     6
158     4
159     2
160     1
161     -1
162     -3
163     -4
164     -7
165     -7
166     -10
167     -10
168     -11
169     -13
170     -13
171     -14
172     -14
173     -14
174     -15
175     -14
176     -13
177     -13
178     -11
179     -11
180     -10
181     -7
182     -6
183     -5
184     -3
185     -1
186     1
187     3
188     4
189     6
190     8
191     8
192     10
193     12
194     13
195     14
196     13
197     15
198     15
199     15
200     15
201     14
202     13
203     12
204     10
205     10
206     8
207     7
208     6
209     3
210     2
211     0
212     -2
213     -3
214     -5
215     -7
216     -9
217     -10
218     -11
219     -11
220     -13
221     -14
222     -14
223     -14
224     -15
225     -14
226     -14
227     -14
228     -12
229     -12
230     -10
231     -8
232     -8
233     -6
234     -4
235     -2
236     0
237     1
238     4
239     5
240     7
241     8
242     10
243     10
244     12
245     12
246     14
247     14
248     15
249     14
250     14
251     13
252     13
253     12
254     11
255     10
256     9
257     7
258     6
259     5
260     3
261     1
262     -1
263     -3
264     -4
265     -6
266     -8
267     -9
268     -10
269     -11
270     -13
271     -13
272     -14
273     -14
274     -14
275     -14
276     -14
277     -13
278     -13
279     -12
280     -11
281     -9
282     -8
283     -6
284     -5
285     -4
286     -2
287     0
288     3
289     3
290     4
291     8
292     8
293     11
294     11
295     13
296     13
297     14
298     14
299     14
300     14
301     14
302     13
303     13
304     12
305     11
306     9
307     8
308     7
309     5
310     4
311     2
312     0
313     -2
314     -3
315     -4
316     -7
317     -8
318     -10
319     -12
320     -11
321     -12
322     -13
323     -14
324     -14
325     -14
326     -14
327     -14
328     -13
329     -12
330     -12
331     -10
332     -8
333     -7
334     -6
335     -4
336     -2
337     -1
338     1
339     2
340     5
341     6
342     8
343     9
344     11
345     11
346     12
347     14
348     14
349     14
350     15
351     15
352     15
353     14
354     12
355     11
356     11
357     10
358     8
359     6
360     4
361     3
362     1
363     0
364     -2
365     -5
366     -6
367     -7
368     -9
369     -10
370     -11
371     -12
372     -13
373     -13
374     -14
375     -14
376     -14
377     -14
378     -14
379     -13
380     -12
381     -11
382     -9
383     -9
384     -7
385     -5
386     -4
387     -2
388     1
389     1
390     3
391     5
392     7
393     8
394     10
395     12
396     13
397     13
398     14
399     14
400     14
401     15
402     14
403     13
404     13
405     11
406     11
407     10
408     8
409     7
410     6
411     4
412     2
413     0
414     -1
415     -4
416     -5
417     -7
418     -8
419     -9
420     -11
421     -11
422     -13
423     -13
424     -14
425     -15
426     -15
427     -14
428     -14
429     -14
430     -12
431     -12
432     -10
433     -9
434     -8
435     -6
436     -4
437     -3
438     -1
439     1
440     3
441     4
442     6
443     7
444     10
445     11
446     10
447     12
448     13
449     14
450     14
451     14
452     14
453     14
454     13
455     13
456     12
457     10
458     9
459     8
460     6
461     4
462     3
463     2
464     -1
465     -1
466     -3
467     -6
468     -7
469     -9
470     -10
471     -11
472     -12
473     -13
474     -13
475     -14
476     -14
477     -15
478     -14
479     -13
480     -13
481     -12
482     -12
483     -10
484     -8
485     -7
486     -5
487     -3
488     -2
489     0
490     1
491     4
492     5
493     6
494     8
495     10
496     11
497     12
498     12
499     13
500     13
501     15
502     15
503     14
504     14
505     13
506     12
507     11
508     11
509     9
510     7
511     5
512     5
513     3
514     0
515     -2
516     -3
517     -5
518     -6
519     -8
520     -10
521     -11
522     -11
523     -12
524     -13
525     -14
526     -15
527     -14
528     -14
529     -14
530     -13
531     -13
532     -12
533     -11
534     -9
535     -7
536     -6
537     -5
538     -3
539     -2
540     0
541     3
542     5
543     5
544     8
545     10
546     10
547     11
548     13
549     13
550     13
551     14
