1     -9
2     -7
3     -2
4     4
5     8
6     10
7     13
8     14
9     15
10     12
11     9
12     5
13     1
14     -4
15     -7
16     -11
17     -14
18     -14
19     -13
20     -12
21     -9
22     -4
23     0
24     4
25     8
26     12
27     14
28     15
29     13
30     11
31     7
32     3
33     -1
34     -5
35     -10
36     -13
37     -14
38     -14
39     -13
40     -11
41     -7
42     -3
43     3
44     6
45     10
46     12
47     15
48     12
49     5
50     1
51     6
52     13
53     13
54     14
55     12
56     11
57     7
58     4
59     -2
60     -6
61     -9
62     -13
63     -15
64     -14
65     -13
66     -10
67     -7
68     -3
69     2
70     6
71     10
72     12
73     14
74     15
75     13
76     9
77     6
78     2
79     -3
80     -7
81     -12
82     -14
83     -15
84     -14
85     -12
86     -9
87     -5
88     -1
89     4
90     7
91     11
92     13
93     15
94     14
95     12
96     9
97     4
98     0
99     -5
100     -8
101     -12
102     -14
103     -14
104     -13
105     -12
106     -8
107     -3
108     1
109     5
110     9
111     12
112     14
113     14
114     13
115     10
116     8
117     3
118     -2
119     -6
120     -10
121     -12
122     -14
123     -14
124     -12
125     -10
126     -6
127     -2
128     3
129     7
130     11
131     13
132     14
133     14
134     12
135     9
136     6
137     0
138     -3
139     -8
140     -11
141     -13
142     -15
143     -14
144     -13
145     -9
146     -5
147     -1
148     4
149     8
150     11
151     13
152     14
153     14
154     11
155     8
156     4
157     -1
158     -5
159     -10
160     -13
161     -15
162     -14
163     -13
164     -11
165     -8
166     -3
167     2
168     6
169     9
170     13
171     14
172     14
173     13
174     11
175     7
176     2
177     -3
178     -7
179     -10
180     -13
181     -14
182     -14
183     -13
184     -9
185     -6
186     -1
187     3
188     7
189     11
190     13
191     13
192     14
193     12
194     8
195     5
196     1
197     -5
198     -9
199     -12
200     -14
201     -14
202     -14
203     -12
204     -8
205     -4
206     1
207     5
208     9
209     12
210     14
211     15
212     14
213     11
214     7
215     3
216     -2
217     -7
218     -10
219     -13
220     -14
221     -14
222     -13
223     -11
224     -8
225     -2
226     2
227     6
228     10
229     13
230     15
231     14
232     13
233     10
234     6
235     2
236     -3
237     -8
238     -11
239     -13
240     -14
241     -14
242     -12
243     -9
244     -5
245     -1
246     4
247     8
248     12
249     14
250     14
251     14
252     11
253     7
254     4
255     -1
256     -5
257     -10
258     -12
259     -15
260     -14
261     -14
262     -11
263     -8
264     -4
265     1
266     6
267     9
268     12
269     14
270     14
271     12
272     10
273     7
274     3
275     -2
276     -7
277     -10
278     -13
279     -15
280     -14
281     -13
282     -9
283     -6
284     -2
285     3
286     7
287     11
288     12
289     14
290     14
291     12
292     9
293     5
294     0
295     -5
296     -8
297     -11
298     -14
299     -15
300     -14
301     -12
302     -9
303     -5
304     -1
305     5
306     9
307     12
308     14
309     15
310     13
311     11
312     7
313     3
314     -1
315     -6
316     -9
317     -13
318     -14
319     -15
320     -13
321     -11
322     -7
323     -3
324     2
325     6
326     10
327     13
328     14
329     15
330     12
331     10
332     6
333     1
334     -3
335     -7
336     -12
337     -14
338     -15
339     -14
340     -12
341     -10
342     -6
343     -1
344     4
345     7
346     11
347     14
348     14
349     13
350     12
351     8
352     5
353     0
354     -5
355     -9
356     -11
357     -15
358     -13
359     -13
360     -12
361     -7
362     -4
363     1
364     5
365     9
366     12
367     14
368     14
369     13
370     10
371     7
372     3
373     -2
374     -7
375     -9
376     -13
377     -14
378     -15
379     -13
380     -10
381     -6
382     -2
383     2
384     7
385     11
386     13
387     14
388     15
389     12
390     9
391     6
392     1
393     -4
394     -8
395     -11
396     -13
397     -15
398     -14
399     -12
400     -9
401     -5
402     0
403     4
404     8
405     12
406     13
407     15
408     13
409     11
410     7
411     4
412     -1
413     -5
414     -9
415     -12
416     -14
417     -15
418     -13
419     -11
420     -8
421     -3
422     2
423     6
424     10
425     12
426     13
427     14
428     13
429     10
430     6
431     2
432     -3
433     -6
434     -10
435     -13
436     -14
437     -14
438     -13
439     -10
440     -6
441     -2
442     3
443     7
444     11
445     13
446     14
447     14
448     12
449     9
450     5
451     0
452     -4
453     -8
454     -12
455     -13
456     -15
457     -13
458     -11
459     -8
460     -4
461     1
462     4
463     9
464     13
465     14
466     15
467     13
468     11
469     7
470     4
471     -1
472     -6
473     -10
474     -13
475     -14
476     -14
477     -14
478     -10
479     -7
480     -3
481     2
482     7
483     10
484     12
485     14
486     14
487     12
488     10
489     6
490     2
491     -3
492     -7
493     -11
494     -13
495     -14
496     -14
497     -12
498     -9
499     -5
500     -1
501     4
502     8
503     11
504     14
505     14
506     14
507     12
508     9
509     4
510     0
511     -5
512     -9
513     -12
514     -14
515     -15
516     -13
517     -12
518     -8
519     -3
520     1
521     5
522     10
523     13
524     14
525     15
526     14
527     10
528     7
529     2
530     -2
531     -6
532     -11
533     -13
534     -14
535     -14
536     -14
537     -10
538     -7
539     -2
540     2
541     6
542     10
543     13
544     13
545     14
546     12
547     10
548     5
549     1
550     -4
551     -8
