1     -11
2     -7
3     -2
4     4
5     9
6     13
7     14
8     14
9     11
10     7
11     1
12     -4
13     -9
14     -13
15     -14
16     -13
17     -10
18     -6
19     0
20     6
21     10
22     13
23     15
24     13
25     10
26     6
27     -1
28     -6
29     -10
30     -14
31     -15
32     -13
33     -10
34     -4
35     2
36     7
37     12
38     14
39     14
40     13
41     9
42     5
43     -2
44     -6
45     -12
46     -15
47     -14
48     -10
49     11
50     2
51     -6
52     -10
53     -14
54     -13
55     -13
56     -10
57     -5
58     0
59     7
60     11
61     13
62     14
63     12
64     10
65     4
66     -1
67     -7
68     -11
69     -14
70     -14
71     -13
72     -9
73     -4
74     2
75     8
76     11
77     14
78     14
79     12
80     8
81     3
82     -2
83     -8
84     -13
85     -14
86     -14
87     -11
88     -8
89     -2
90     3
91     8
92     12
93     14
94     14
95     12
96     6
97     1
98     -4
99     -9
100     -11
101     -14
102     -14
103     -12
104     -6
105     -1
106     5
107     10
108     13
109     14
110     13
111     10
112     6
113     0
114     -5
115     -11
116     -14
117     -14
118     -14
119     -10
120     -5
121     1
122     7
123     10
124     14
125     14
126     13
127     10
128     5
129     -1
130     -7
131     -10
132     -14
133     -14
134     -13
135     -9
136     -4
137     3
138     7
139     11
140     13
141     14
142     12
143     9
144     3
145     -2
146     -8
147     -11
148     -14
149     -14
150     -11
151     -8
152     -3
153     3
154     8
155     13
156     15
157     14
158     12
159     7
160     2
161     -4
162     -9
163     -12
164     -15
165     -13
166     -11
167     -6
168     0
169     4
170     10
171     13
172     15
173     14
174     10
175     6
176     1
177     -6
178     -10
179     -13
180     -15
181     -13
182     -10
183     -5
184     0
185     6
186     11
187     14
188     15
189     13
190     10
191     4
192     -2
193     -6
194     -11
195     -13
196     -15
197     -12
198     -8
199     -4
200     3
201     8
202     11
203     14
204     14
205     12
206     8
207     3
208     -2
209     -8
210     -12
211     -14
212     -14
213     -11
214     -7
215     -3
216     2
217     8
218     13
219     15
220     14
221     11
222     8
223     2
224     -4
225     -8
226     -13
227     -15
228     -13
229     -11
230     -6
231     0
232     4
233     10
234     13
235     14
236     13
237     11
238     6
239     1
240     -5
241     -10
242     -12
243     -15
244     -13
245     -10
246     -5
247     0
248     6
249     11
250     14
251     14
252     13
253     9
254     4
255     -1
256     -6
257     -11
258     -14
259     -14
260     -13
261     -9
262     -4
263     2
264     8
265     11
266     14
267     14
268     12
269     9
270     3
271     -2
272     -8
273     -11
274     -14
275     -14
276     -12
277     -7
278     -3
279     3
280     8
281     12
282     14
283     14
284     11
285     7
286     2
287     -4
288     -8
289     -13
290     -15
291     -13
292     -11
293     -6
294     -1
295     5
296     10
297     13
298     14
299     13
300     10
301     6
302     0
303     -5
304     -10
305     -13
306     -15
307     -14
308     -10
309     -6
310     0
311     6
312     10
313     13
314     15
315     14
316     10
317     5
318     -1
319     -7
320     -10
321     -13
322     -14
323     -13
324     -9
325     -4
326     2
327     7
328     12
329     14
330     14
331     12
332     9
333     4
334     -3
335     -8
336     -12
337     -15
338     -14
339     -13
340     -8
341     -2
342     4
343     8
344     13
345     13
346     14
347     12
348     7
349     2
350     -4
351     -9
352     -12
353     -14
354     -14
355     -11
356     -6
357     -1
358     5
359     10
360     13
361     14
362     13
363     11
364     6
365     0
366     -5
367     -10
368     -13
369     -14
370     -13
371     -9
372     -5
373     1
374     6
375     11
376     14
377     14
378     12
379     10
380     5
381     -1
382     -6
383     -11
384     -14
385     -14
386     -13
387     -9
388     -3
389     1
390     7
391     12
392     14
393     14
394     12
395     9
396     4
397     -2
398     -8
399     -11
400     -14
401     -14
402     -12
403     -8
404     -3
405     2
406     9
407     13
408     14
409     14
410     12
411     7
412     1
413     -4
414     -9
415     -13
416     -14
417     -14
418     -11
419     -6
420     -1
421     5
422     10
423     14
424     14
425     13
426     10
427     7
428     0
429     -5
430     -9
431     -13
432     -14
433     -13
434     -10
435     -5
436     1
437     6
438     11
439     13
440     15
441     13
442     10
443     4
444     0
445     -6
446     -12
447     -14
448     -15
449     -12
450     -9
451     -4
452     2
453     7
454     11
455     14
456     14
457     12
458     8
459     4
460     -3
461     -9
462     -12
463     -14
464     -14
465     -11
466     -7
467     -2
468     4
469     8
470     12
471     15
472     14
473     12
474     8
475     1
476     -4
477     -9
478     -13
479     -14
480     -14
481     -11
482     -7
483     -2
484     5
485     9
486     14
487     15
488     13
489     11
490     5
491     1
492     -5
493     -11
494     -13
495     -14
496     -13
497     -10
498     -6
499     0
500     5
501     11
502     14
503     14
504     13
505     9
506     4
507     -1
508     -6
509     -11
510     -14
511     -15
512     -12
513     -8
514     -4
515     1
516     7
517     11
518     14
519     14
520     11
521     8
522     3
523     -2
524     -8
525     -12
526     -14
527     -14
528     -12
529     -8
530     -2
531     3
532     8
533     12
534     15
535     15
536     12
537     6
538     2
539     -4
540     -9
541     -12
542     -14
543     -14
544     -11
545     -6
546     -1
547     4
548     10
549     13
550     14
551     13
