1     -8
2     -12
3     -15
4     -14
5     -10
6     -4
7     1
8     7
9     12
10     14
11     13
12     11
13     5
14     -1
15     -7
16     -11
17     -14
18     -14
19     -11
20     -5
21     0
22     7
23     12
24     13
25     14
26     12
27     6
28     0
29     -5
30     -11
31     -14
32     -14
33     -12
34     -7
35     0
36     6
37     11
38     14
39     14
40     12
41     8
42     2
43     -5
44     -9
45     -13
46     -15
47     -12
48     -8
49     10
50     16
51     -7
52     -15
53     -10
54     -5
55     2
56     7
57     12
58     13
59     15
60     11
61     5
62     -1
63     -7
64     -11
65     -14
66     -14
67     -11
68     -7
69     0
70     6
71     11
72     14
73     14
74     12
75     7
76     0
77     -5
78     -11
79     -14
80     -15
81     -12
82     -7
83     -1
84     5
85     11
86     14
87     15
88     12
89     7
90     2
91     -5
92     -10
93     -13
94     -14
95     -12
96     -9
97     -2
98     4
99     10
100     15
101     15
102     12
103     8
104     3
105     -4
106     -9
107     -13
108     -14
109     -13
110     -9
111     -4
112     3
113     8
114     13
115     14
116     12
117     10
118     3
119     -2
120     -9
121     -12
122     -14
123     -13
124     -9
125     -4
126     2
127     9
128     12
129     14
130     13
131     11
132     4
133     -2
134     -8
135     -12
136     -14
137     -13
138     -11
139     -6
140     0
141     7
142     12
143     15
144     14
145     12
146     6
147     0
148     -6
149     -11
150     -13
151     -14
152     -12
153     -6
154     -1
155     6
156     11
157     14
158     14
159     11
160     7
161     1
162     -6
163     -11
164     -14
165     -13
166     -12
167     -7
168     -1
169     5
170     11
171     14
172     15
173     12
174     7
175     2
176     -4
177     -11
178     -13
179     -15
180     -13
181     -8
182     -2
183     4
184     9
185     13
186     14
187     13
188     9
189     3
190     -3
191     -10
192     -14
193     -14
194     -13
195     -8
196     -4
197     3
198     9
199     13
200     15
201     14
202     9
203     4
204     -3
205     -8
206     -12
207     -14
208     -13
209     -10
210     -4
211     2
212     7
213     13
214     15
215     13
216     9
217     5
218     -1
219     -6
220     -12
221     -14
222     -13
223     -10
224     -6
225     1
226     7
227     11
228     14
229     13
230     11
231     6
232     -1
233     -6
234     -11
235     -14
236     -14
237     -11
238     -6
239     0
240     6
241     11
242     15
243     14
244     12
245     7
246     1
247     -5
248     -10
249     -14
250     -14
251     -12
252     -8
253     -2
254     5
255     10
256     14
257     14
258     12
259     8
260     2
261     -5
262     -10
263     -13
264     -14
265     -13
266     -8
267     -2
268     4
269     10
270     13
271     14
272     13
273     9
274     3
275     -3
276     -9
277     -13
278     -14
279     -13
280     -9
281     -3
282     3
283     9
284     13
285     14
286     13
287     10
288     5
289     -3
290     -9
291     -12
292     -15
293     -13
294     -10
295     -4
296     2
297     8
298     12
299     14
300     13
301     10
302     5
303     -1
304     -7
305     -12
306     -15
307     -14
308     -11
309     -6
310     1
311     7
312     11
313     14
314     15
315     12
316     6
317     0
318     -6
319     -12
320     -13
321     -14
322     -11
323     -7
324     0
325     6
326     11
327     14
328     15
329     12
330     7
331     1
332     -5
333     -10
334     -14
335     -14
336     -12
337     -8
338     -1
339     4
340     10
341     13
342     15
343     12
344     8
345     1
346     -4
347     -9
348     -13
349     -14
350     -12
351     -8
352     -2
353     4
354     9
355     13
356     14
357     13
358     9
359     3
360     -3
361     -9
362     -13
363     -14
364     -13
365     -10
366     -4
367     3
368     8
369     12
370     15
371     14
372     10
373     5
374     -2
375     -8
376     -12
377     -14
378     -14
379     -10
380     -5
381     1
382     8
383     12
384     14
385     14
386     10
387     5
388     0
389     -8
390     -12
391     -14
392     -14
393     -11
394     -6
395     1
396     7
397     12
398     14
399     14
400     11
401     7
402     0
403     -7
404     -11
405     -15
406     -14
407     -11
408     -7
409     0
410     6
411     11
412     14
413     14
414     12
415     7
416     1
417     -5
418     -11
419     -13
420     -15
421     -11
422     -8
423     -1
424     4
425     9
426     13
427     15
428     12
429     8
430     3
431     -4
432     -9
433     -13
434     -15
435     -12
436     -8
437     -3
438     4
439     9
440     13
441     14
442     13
443     9
444     4
445     -3
446     -10
447     -13
448     -15
449     -13
450     -10
451     -4
452     2
453     8
454     12
455     14
456     13
457     9
458     4
459     -2
460     -9
461     -13
462     -15
463     -13
464     -10
465     -4
466     2
467     7
468     12
469     14
470     14
471     11
472     6
473     0
474     -6
475     -12
476     -14
477     -14
478     -11
479     -5
480     0
481     6
482     11
483     13
484     14
485     11
486     7
487     0
488     -6
489     -11
490     -14
491     -13
492     -12
493     -7
494     -1
495     6
496     10
497     14
498     13
499     12
500     7
501     2
502     -4
503     -10
504     -14
505     -14
506     -12
507     -8
508     -1
509     4
510     10
511     13
512     15
513     13
514     8
515     2
516     -4
517     -10
518     -13
519     -14
520     -14
521     -9
522     -3
523     4
524     9
525     13
526     14
527     13
528     9
529     3
530     -3
531     -9
532     -13
533     -15
534     -13
535     -9
536     -4
537     2
538     8
539     12
540     14
541     14
542     11
543     4
544     -2
545     -7
546     -13
547     -14
548     -13
549     -10
550     -5
551     1
