1     14
2     14
3     14
4     14
5     14
6     14
7     14
8     15
9     14
10     15
11     14
12     14
13     14
14     14
15     13
16     13
17     12
18     13
19     13
20     11
21     11
22     11
23     10
24     11
25     10
26     9
27     8
28     8
29     8
30     6
31     6
32     6
33     4
34     4
35     4
36     3
37     2
38     2
39     1
40     0
41     0
42     0
43     -2
44     -2
45     -4
46     -4
47     -4
48     -6
49     -7
50     -8
51     -11
52     -12
53     -13
54     -12
55     -13
56     -14
57     -13
58     -13
59     -15
60     -14
61     -14
62     -14
63     -15
64     -13
65     -14
66     -15
67     -15
68     -14
69     -14
70     -13
71     -14
72     -14
73     -13
74     -12
75     -13
76     -12
77     -12
78     -12
79     -12
80     -11
81     -10
82     -10
83     -9
84     -10
85     -9
86     -8
87     -7
88     -7
89     -6
90     -5
91     -5
92     -4
93     -3
94     -3
95     -1
96     -1
97     -1
98     0
99     0
100     1
101     2
102     3
103     3
104     3
105     4
106     5
107     6
108     8
109     7
110     8
111     8
112     8
113     9
114     10
115     10
116     10
117     11
118     10
119     12
120     12
121     12
122     12
123     13
124     14
125     13
126     14
127     14
128     14
129     14
130     14
131     14
132     14
133     14
134     14
135     14
136     14
137     14
138     14
139     13
140     13
141     13
142     12
143     12
144     11
145     12
146     11
147     11
148     10
149     10
150     8
151     8
152     8
153     7
154     6
155     6
156     5
157     5
158     4
159     3
160     3
161     2
162     2
163     1
164     0
165     -1
166     -1
167     -1
168     -3
169     -3
170     -4
171     -5
172     -6
173     -6
174     -6
175     -7
176     -8
177     -8
178     -9
179     -9
180     -9
181     -11
182     -11
183     -11
184     -12
185     -12
186     -12
187     -12
188     -13
189     -13
190     -14
191     -14
192     -14
193     -14
194     -14
195     -14
196     -15
197     -15
198     -15
199     -15
200     -14
201     -14
202     -14
203     -14
204     -14
205     -13
206     -14
207     -14
208     -13
209     -13
210     -12
211     -12
212     -11
213     -10
214     -10
215     -10
216     -9
217     -9
218     -8
219     -7
220     -8
221     -6
222     -6
223     -5
224     -5
225     -4
226     -4
227     -2
228     -1
229     -2
230     -1
231     1
232     1
233     2
234     2
235     2
236     3
237     4
238     5
239     4
240     6
241     6
242     7
243     8
244     8
245     8
246     10
247     10
248     10
249     10
250     11
251     11
252     11
253     13
254     12
255     13
256     14
257     13
258     14
259     14
260     13
261     14
262     14
263     15
264     14
265     14
266     15
267     15
268     14
269     13
270     13
271     13
272     14
273     13
274     13
275     12
276     13
277     11
278     11
279     11
280     12
281     10
282     9
283     8
284     8
285     8
286     8
287     7
288     6
289     5
290     4
291     5
292     3
293     3
294     2
295     2
296     1
297     1
298     0
299     -1
300     -2
301     -3
302     -3
303     -4
304     -5
305     -6
306     -6
307     -6
308     -7
309     -7
310     -8
311     -8
312     -9
313     -10
314     -10
315     -11
316     -11
317     -12
318     -12
319     -12
320     -13
321     -12
322     -14
323     -13
324     -14
325     -14
326     -14
327     -14
328     -14
329     -14
330     -15
331     -14
332     -14
333     -14
334     -14
335     -14
336     -14
337     -14
338     -13
339     -14
340     -13
341     -13
342     -12
343     -11
344     -11
345     -11
346     -11
347     -11
348     -10
349     -9
350     -8
351     -8
352     -8
353     -6
354     -7
355     -6
356     -5
357     -3
358     -4
359     -3
360     -3
361     -2
362     -2
363     -1
364     0
365     0
366     1
367     1
368     3
369     3
370     4
371     5
372     5
373     6
374     6
375     7
376     7
377     8
378     9
379     10
380     10
381     11
382     11
383     11
384     12
385     12
386     12
387     13
388     13
389     13
390     14
391     14
392     14
393     14
394     14
395     14
396     14
397     13
398     15
399     14
400     14
401     14
402     14
403     14
404     13
405     13
406     14
407     14
408     12
409     12
410     11
411     11
412     11
413     11
414     10
415     9
416     8
417     9
418     7
419     7
420     6
421     5
422     6
423     5
424     4
425     4
426     2
427     1
428     2
429     1
430     0
431     -2
432     -1
433     -2
434     -3
435     -3
436     -4
437     -4
438     -5
439     -6
440     -7
441     -7
442     -7
443     -9
444     -9
445     -9
446     -10
447     -10
448     -10
449     -11
450     -12
451     -13
452     -13
453     -13
454     -13
455     -13
456     -13
457     -14
458     -14
459     -14
460     -14
461     -14
462     -15
463     -14
464     -15
465     -14
466     -14
467     -15
468     -14
469     -14
470     -13
471     -14
472     -13
473     -12
474     -13
475     -13
476     -12
477     -12
478     -11
479     -11
480     -10
481     -9
482     -9
483     -9
484     -7
485     -8
486     -7
487     -6
488     -5
489     -5
490     -4
491     -4
492     -3
493     -2
494     -1
495     -2
496     0
497     0
498     1
499     2
500     2
501     4
502     3
503     4
504     4
505     5
506     6
507     6
508     7
509     8
510     9
511     9
512     9
513     10
514     10
515     11
516     11
517     12
518     11
519     13
520     12
521     13
522     14
523     13
524     14
525     13
526     14
527     14
528     15
529     14
530     14
531     13
532     15
533     14
534     14
535     13
536     13
537     13
538     13
539     13
540     13
541     12
542     12
543     11
544     11
545     11
546     10
547     10
548     9
549     9
550     8
551     7
