1     9
2     14
3     7
4     -18
5     -9
6     9
7     -8
8     -13
9     13
10     -2
11     2
12     7
13     -18
14     1
15     12
16     -5
17     11
18     17
19     -19
20     -4
21     -14
22     19
23     18
24     -8
25     22
26     -6
27     13
28     15
29     -2
30     8
31     -9
32     -4
33     -14
34     5
35     6
36     -17
37     -14
38     -5
39     -12
40     -9
41     19
42     5
43     -19
44     -10
45     -13
46     -15
47     -20
48     -19
49     -16
50     -13
51     -3
52     -2
53     -19
54     7
55     17
56     -5
57     18
58     -6
59     0
60     -4
61     0
62     2
63     -21
64     -11
65     -21
66     -8
67     -4
68     16
69     -8
70     4
71     16
72     -20
73     -14
74     10
75     3
76     -12
77     10
78     -1
79     -2
80     2
81     16
82     -4
83     -5
84     6
85     10
86     23
87     2
88     -5
89     1
90     -9
91     1
92     16
93     -17
94     -8
95     13
96     10
97     -13
98     -12
99     13
100     -18
101     -5
102     -6
103     8
104     -1
105     -18
106     4
107     -17
108     -16
109     -11
110     8
111     20
112     -12
113     19
114     11
115     -9
116     1
117     -14
118     -2
119     -13
120     -11
121     -10
122     21
123     9
124     4
125     9
126     -15
127     7
128     2
129     -3
130     19
131     11
132     -11
133     -18
134     -11
135     5
136     -15
137     -10
138     8
139     -2
140     18
141     -1
142     -10
143     -21
144     9
145     9
146     -6
147     15
148     -19
149     -14
150     -7
151     -25
152     -11
153     17
154     -14
155     -24
156     10
157     5
158     -15
159     3
160     -15
161     -15
162     7
163     16
164     23
165     11
166     21
167     10
168     -5
169     0
170     1
171     0
172     -16
173     -8
174     3
175     12
176     -6
177     2
178     10
179     12
180     9
181     -19
182     -14
183     14
184     6
185     -2
186     19
187     21
188     -9
189     -13
190     -3
191     3
192     7
193     -17
194     8
195     17
196     3
197     -9
198     -11
199     3
200     2
201     3
202     13
203     -8
204     1
205     9
206     -19
207     -6
208     15
209     -10
210     -14
211     2
212     7
213     -9
214     -3
215     -13
216     -6
217     2
218     -5
219     8
220     -2
221     12
222     -3
223     1
224     -18
225     18
226     -10
227     -14
228     22
229     -7
230     0
231     4
232     16
233     1
234     16
235     -9
236     11
237     -1
238     -16
239     18
240     5
241     6
242     0
243     10
244     3
245     20
246     -14
247     -14
248     16
249     -8
250     14
251     18
252     16
253     9
254     -14
255     15
256     11
257     11
258     7
259     10
260     -4
261     10
262     18
263     4
264     -6
265     3
266     -19
267     -18
268     1
269     -2
270     5
271     -10
272     2
273     -7
274     -12
275     19
276     13
277     8
278     16
279     8
280     6
281     -6
282     -9
283     -10
284     -15
285     18
286     8
287     -17
288     1
289     6
290     -11
291     13
292     -10
293     10
294     -1
295     4
296     8
297     -8
298     14
299     11
300     6
301     -6
302     18
303     6
304     8
305     11
306     19
307     -9
308     20
309     2
310     -13
311     9
312     0
313     13
314     -15
315     6
316     -15
317     -5
318     -5
319     -1
320     -13
321     3
322     19
323     0
324     -12
325     -14
326     17
327     -14
328     -3
329     1
330     -15
331     -10
332     20
333     -11
334     -13
335     2
336     -11
337     16
338     8
339     -10
340     -8
341     -4
342     8
343     7
344     -15
345     8
346     -10
347     21
348     7
349     -14
350     19
351     -20
352     -11
353     -2
354     20
355     18
356     -4
357     -9
358     -13
359     -2
360     -20
361     7
362     17
363     -12
364     -18
365     -2
366     -3
367     -11
368     -8
369     -6
370     -5
371     -13
372     -10
373     -7
374     17
375     7
376     -17
377     7
378     -15
379     -11
380     -12
381     -11
382     15
383     -10
384     -18
385     -9
386     -22
387     -12
388     4
389     -14
390     16
391     7
392     -7
393     -2
394     23
395     16
396     -4
397     1
398     -10
399     8
400     -10
401     6
402     -15
403     -18
404     20
405     -3
406     14
407     12
408     -16
409     11
410     1
411     14
412     2
413     -4
414     2
415     6
416     18
417     -19
418     -2
419     4
420     -7
421     -18
422     -13
423     20
424     -13
425     -6
426     13
427     -4
428     -7
429     -2
430     19
431     7
432     -19
433     6
434     3
435     -1
436     14
437     -7
438     15
439     -5
440     -19
441     0
442     10
443     20
444     15
445     21
446     0
447     16
448     13
449     -13
450     12
451     1
452     -19
453     -10
454     -2
455     15
456     -2
457     1
458     21
459     -16
460     9
461     9
462     -18
463     -10
464     18
465     2
466     -16
467     4
468     -7
469     -4
470     -18
471     -10
472     -3
473     7
474     -2
475     -10
476     17
477     -1
478     -2
479     16
480     -6
481     -1
482     18
483     3
484     15
485     1
486     11
487     -1
488     -16
489     12
490     -7
491     13
492     -6
493     -19
494     -10
495     3
496     -16
497     13
498     19
499     3
500     19
501     -6
502     -3
503     4
504     19
505     -16
506     5
507     9
508     -19
509     -1
510     -15
511     17
512     17
513     -4
514     18
515     9
516     13
517     -20
518     -20
519     15
520     14
521     13
522     -2
523     -15
524     -13
525     3
526     -12
527     -16
528     0
529     -19
530     -5
531     14
532     15
533     -17
534     -14
535     -20
536     6
537     12
538     -14
539     -4
540     -11
541     2
542     -12
543     11
544     -4
545     2
546     -19
547     -9
548     12
549     -22
550     -7
551     14
552     6
553     13
554     4
555     -21
556     19
557     13
558     -7
559     6
560     17
561     14
562     -14
563     3
564     16
565     -14
566     -2
567     11
568     8
569     6
570     -12
571     12
572     10
573     -22
574     -4
575     2
576     -16
577     20
578     9
579     0
580     6
581     -6
582     8
583     12
584     5
585     -22
586     -4
587     6
588     -16
589     -15
590     -1
591     8
592     -14
593     -19
594     5
595     18
596     13
597     -7
598     -8
599     -21
600     -16
601     -16
602     -4
603     16
604     4
605     6
606     -11
607     18
608     7
609     -23
610     1
611     8
612     8
613     7
614     -13
615     11
616     -1
617     -8
618     -3
619     -18
620     -7
621     -10
622     -10
623     4
624     -10
625     15
626     3
627     -16
628     22
629     16
630     -6
631     -8
632     -16
633     17
634     19
635     -12
636     -17
637     -15
638     -11
639     13
640     10
641     -9
642     -8
643     -16
644     5
645     -20
646     -14
647     19
648     13
649     -19
650     -6
651     4
652     -12
653     13
654     3
655     11
656     1
657     8
658     2
659     -17
660     3
661     11
662     10
663     15
664     10
665     2
666     -1
667     -2
668     19
669     -11
670     15
671     20
672     -19
673     4
674     6
675     -13
676     -17
677     3
678     -13
679     -18
680     -6
681     -9
682     11
683     -2
684     -14
685     -10
686     -3
687     3
688     -3
689     -12
690     4
691     9
692     20
693     18
694     -7
695     -15
696     -14
697     -13
698     2
699     11
700     -11
701     13
702     -17
703     -18
704     -5
705     -14
706     6
707     -8
708     3
709     0
710     8
711     -11
712     5
713     15
714     2
715     -2
716     -10
717     13
718     -4
719     5
720     -15
721     -26
722     -10
723     7
724     9
725     -18
726     -13
727     5
728     -3
729     13
730     8
731     10
732     -11
733     -2
734     22
735     8
736     -7
737     15
738     17
739     -14
740     15
741     1
742     -3
743     6
744     19
745     -22
746     -13
747     16
748     -7
749     17
750     -5
751     -6
752     4
753     -11
754     2
755     -11
756     -14
757     7
758     -10
759     6
760     -13
761     -20
762     11
763     3
764     19
765     4
766     -6
767     3
768     5
769     6
770     -9
771     -14
772     -2
773     5
774     3
775     10
776     -17
777     14
778     -20
779     -10
780     20
781     2
782     15
783     -10
784     5
785     5
786     21
787     17
788     6
789     -7
790     -17
791     4
792     -3
793     7
794     -10
795     -14
796     2
797     -11
798     15
799     5
800     -8
801     14
802     -4
803     -3
804     -6
805     7
806     7
807     2
808     -3
809     -1
810     -18
811     -13
812     -20
813     -1
814     9
815     11
816     1
817     -14
818     13
819     -16
820     16
821     -6
822     -15
823     -8
824     7
825     3
826     -7
827     10
828     8
829     10
830     9
831     19
832     -2
833     -8
834     -9
835     -1
836     10
837     5
838     4
839     -12
840     -20
841     14
842     7
843     0
844     2
845     -8
846     1
847     7
848     1
849     -14
850     -8
851     2
852     -10
853     16
854     15
855     7
856     10
857     -17
858     -14
859     -17
860     15
861     7
862     2
863     -13
864     -11
865     4
866     -6
867     -13
868     -17
869     -9
870     -4
871     4
872     14
873     15
874     -13
875     -6
876     19
877     10
878     -7
879     -5
880     12
881     4
882     -13
883     14
884     -3
885     -14
886     -7
887     -16
888     8
889     1
890     10
891     5
892     -5
893     17
894     2
895     17
896     4
897     2
898     -6
899     -12
900     -20
901     3
902     17
903     6
904     11
905     -18
906     -18
907     -13
908     -19
909     -12
910     10
911     -7
912     -5
913     18
914     18
915     10
916     11
917     17
918     -14
919     -16
920     1
921     11
922     17
923     -15
924     -21
925     -14
926     -8
927     -11
928     5
929     -13
930     -13
931     14
932     -20
933     -13
934     -1
935     -17
936     7
937     -12
938     -8
939     -15
940     -15
941     -19
942     4
943     -12
944     -11
945     17
946     -19
947     21
948     9
949     0
950     18
951     0
952     -6
953     -5
954     8
955     10
956     -13
957     -1
958     20
959     15
960     -17
961     14
962     -3
963     -14
964     6
965     -19
966     -17
967     17
968     12
969     7
970     8
971     -5
972     17
973     -14
974     -8
975     -12
976     -3
977     -11
978     12
979     15
980     -18
981     -2
982     -14
983     20
984     8
985     21
986     15
987     -15
988     13
989     5
990     16
991     5
992     12
993     14
994     -12
995     -6
996     2
997     -19
998     4
999     -13
1000     -9
1001     -15
1002     -14
1003     10
1004     5
1005     17
1006     -13
1007     -5
1008     2
1009     13
1010     -9
1011     7
1012     8
1013     -11
1014     10
1015     9
1016     16
1017     -22
1018     -4
1019     5
1020     -11
1021     3
1022     -9
1023     -11
1024     15
1025     7
1026     -19
1027     -10
1028     -6
1029     -2
1030     -3
1031     11
1032     -7
1033     -22
1034     10
1035     -13
1036     -10
1037     4
1038     12
1039     13
1040     -12
1041     -5
1042     -10
1043     -2
1044     12
1045     10
1046     -13
1047     -11
1048     -11
1049     10
1050     3
1051     4
1052     -8
1053     -4
1054     -11
1055     -18
1056     0
1057     15
1058     11
1059     9
1060     -14
1061     -18
1062     18
1063     11
1064     15
1065     -9
1066     -5
1067     19
1068     17
1069     -1
1070     -18
1071     -15
1072     5
1073     -8
1074     -17
1075     7
1076     13
1077     -3
1078     -17
1079     -1
1080     -11
1081     17
1082     -8
1083     -15
1084     3
1085     -11
1086     3
1087     -21
1088     3
1089     5
1090     7
1091     12
1092     19
1093     5
1094     -13
1095     18
1096     -18
1097     3
1098     15
1099     -8
1100     8
1101     -3
1102     22
1103     13
1104     -3
1105     16
1106     7
1107     18
1108     18
1109     7
1110     10
1111     1
1112     2
1113     -21
1114     -13
1115     0
1116     -3
1117     4
1118     -3
1119     8
1120     -1
1121     -4
1122     13
1123     -2
1124     -3
1125     16
1126     1
1127     -18
1128     7
1129     14
1130     11
1131     8
1132     15
1133     -4
1134     3
1135     5
1136     -4
1137     13
1138     3
1139     2
1140     -16
1141     10
1142     4
1143     -3
1144     7
1145     -3
1146     -5
1147     5
1148     5
1149     -11
1150     0
1151     -16
1152     -10
1153     -8
1154     15
1155     10
1156     -3
1157     2
1158     -13
1159     19
1160     9
1161     17
1162     10
1163     -17
1164     -1
1165     -18
1166     -7
1167     5
1168     -8
1169     -3
1170     -4
1171     -11
1172     0
1173     -15
1174     2
1175     12
1176     -1
1177     12
1178     19
1179     12
1180     -10
1181     18
1182     13
1183     3
1184     13
1185     -19
1186     6
1187     -2
1188     -15
1189     15
1190     -2
1191     -8
1192     6
1193     8
1194     -10
1195     -6
1196     -12
1197     11
1198     25
1199     -8
1200     2
1201     13
1202     -13
1203     -6
1204     -14
1205     -3
1206     1
1207     13
1208     20
1209     16
1210     -6
1211     -17
1212     -7
1213     -1
1214     17
1215     -11
1216     -9
1217     8
1218     5
1219     24
1220     8
1221     -6
1222     -10
1223     -7
1224     4
1225     3
1226     5
1227     -8
1228     4
1229     10
1230     14
1231     13
1232     9
1233     -14
1234     19
1235     9
1236     -1
1237     14
1238     0
1239     -3
1240     11
1241     13
1242     -17
1243     -17
1244     5
1245     -21
1246     -4
1247     15
1248     -17
1249     13
1250     -1
1251     -2
1252     -7
1253     10
1254     18
1255     18
1256     -2
1257     0
1258     14
1259     5
1260     19
1261     -7
1262     17
1263     1
1264     -4
1265     22
1266     -26
1267     -7
1268     12
1269     3
1270     15
1271     -8
1272     16
1273     19
1274     12
1275     10
1276     -4
1277     16
1278     11
1279     -10
1280     2
1281     13
1282     -5
1283     -17
1284     -11
1285     -20
1286     -4
1287     -10
1288     -20
1289     3
1290     -4
1291     -14
1292     15
1293     -9
1294     -8
1295     9
1296     -9
1297     5
1298     -6
1299     -14
1300     -6
1301     -16
1302     -16
1303     -5
1304     3
1305     16
1306     18
1307     7
1308     -17
1309     -2
1310     -8
1311     -8
1312     -4
1313     0
1314     6
1315     -3
1316     1
1317     -16
1318     6
1319     -6
1320     8
1321     15
1322     -7
1323     9
1324     1
1325     -7
1326     -14
1327     -15
1328     11
1329     5
1330     3
1331     10
1332     -4
1333     21
1334     -7
1335     -10
1336     10
1337     -5
1338     -9
1339     7
1340     4
1341     17
1342     8
1343     -5
1344     13
1345     14
1346     16
1347     8
1348     18
1349     16
1350     6
1351     -14
1352     18
1353     22
1354     14
1355     -3
1356     -8
1357     -1
1358     -13
1359     16
1360     6
1361     4
1362     12
1363     8
1364     18
1365     11
1366     -10
1367     11
1368     8
1369     -6
1370     -4
1371     -7
1372     19
1373     -23
1374     -10
1375     18
1376     -10
1377     0
1378     -3
1379     20
1380     13
1381     16
1382     14
1383     5
1384     11
1385     6
1386     8
1387     10
1388     -6
1389     -3
1390     11
1391     -3
1392     -20
1393     -17
1394     -18
1395     -6
1396     14
1397     11
1398     18
1399     10
1400     18
1401     15
1402     -16
1403     -7
1404     -9
1405     9
1406     6
1407     -12
1408     18
1409     2
1410     5
1411     3
1412     3
1413     18
1414     11
1415     4
1416     -10
1417     -4
1418     8
1419     -4
1420     -12
1421     1
1422     -15
1423     -15
1424     11
1425     3
1426     19
1427     5
1428     -8
1429     16
1430     -8
1431     -19
1432     -10
1433     -5
1434     11
1435     11
1436     17
1437     -1
1438     8
1439     9
1440     -9
1441     -6
1442     -22
1443     4
1444     8
1445     -11
1446     7
1447     -18
1448     -19
1449     7
1450     8
1451     0
1452     19
1453     -16
1454     -15
1455     3
1456     -15
1457     0
1458     -7
1459     13
1460     10
1461     18
1462     2
1463     -17
1464     -1
1465     -10
1466     -19
1467     -1
1468     18
1469     -16
1470     6
1471     21
1472     5
1473     10
1474     22
1475     11
1476     -15
1477     -18
1478     -10
1479     -15
1480     3
1481     7
1482     -9
1483     -2
1484     -15
1485     11
1486     12
1487     -4
1488     14
1489     16
1490     3
1491     10
1492     12
1493     -7
1494     7
1495     4
1496     -17
1497     -3
1498     -15
1499     -17
1500     -9
1501     -8
1502     -8
1503     21
1504     -2
1505     -15
1506     2
1507     -9
1508     6
1509     1
1510     -16
1511     -19
1512     -12
1513     1
1514     6
1515     -11
1516     3
1517     17
1518     -2
1519     -6
1520     9
1521     12
1522     10
1523     -3
1524     9
1525     1
1526     -5
1527     -10
1528     -8
1529     14
1530     13
1531     -20
1532     -20
1533     -7
1534     -18
1535     14
1536     5
1537     -2
1538     5
1539     -1
1540     9
1541     9
1542     8
1543     -20
1544     2
1545     -15
1546     -10
1547     7
1548     -16
1549     -17
1550     -5
1551     4
1552     2
1553     9
1554     6
1555     13
1556     -18
1557     13
1558     -2
1559     2
1560     10
1561     -6
1562     10
1563     -1
1564     17
1565     6
1566     1
1567     -2
1568     -5
1569     13
1570     14
1571     -22
1572     -15
1573     22
1574     -1
1575     -18
1576     -15
1577     3
1578     -13
1579     -7
1580     2
1581     -19
1582     -23
1583     6
1584     15
1585     7
1586     16
1587     -17
1588     11
1589     11
1590     -4
1591     18
1592     1
1593     -9
1594     -3
1595     -13
1596     -3
1597     0
1598     20
1599     20
1600     11
1601     15
1602     -1
1603     13
1604     -22
1605     -13
1606     -8
1607     -20
1608     -8
1609     -9
1610     7
1611     -18
1612     11
1613     17
1614     -23
1615     1
1616     0
1617     16
1618     7
1619     -19
1620     8
1621     -12
1622     -11
1623     -19
1624     2
1625     1
1626     -19
1627     -22
1628     -17
1629     9
1630     11
1631     -10
1632     -10
1633     7
1634     -2
1635     14
1636     -9
1637     17
1638     0
1639     6
1640     -9
1641     -16
1642     19
1643     -14
1644     -6
1645     3
1646     -11
1647     10
1648     7
1649     24
1650     16
1651     -14
1652     10
1653     -17
1654     1
1655     23
1656     -7
1657     -9
1658     15
1659     -6
1660     3
1661     -10
1662     -7
1663     20
1664     9
1665     8
1666     -11
1667     12
1668     -5
1669     2
1670     9
1671     -11
1672     6
1673     -12
1674     6
1675     -16
1676     -1
1677     17
1678     14
1679     -5
1680     16
1681     8
1682     -15
1683     14
1684     3
1685     6
1686     16
1687     6
1688     -5
1689     22
1690     13
1691     -14
1692     4
1693     -4
1694     -12
1695     -15
1696     24
1697     17
1698     -4
1699     1
1700     -13
1701     6
1702     -1
1703     19
1704     2
1705     -21
1706     5
1707     6
1708     0
1709     -13
1710     -9
1711     5
1712     -16
1713     -3
1714     0
1715     -15
1716     -3
1717     17
1718     3
1719     -3
1720     1
1721     -8
1722     16
1723     4
1724     6
1725     15
1726     -13
1727     -15
1728     14
1729     11
1730     5
1731     -12
1732     -14
1733     1
1734     -5
1735     2
1736     1
1737     -5
1738     -14
1739     13
1740     10
1741     -2
1742     -10
1743     -6
1744     16
1745     -8
1746     -15
1747     11
1748     11
1749     6
1750     -7
1751     -12
1752     18
1753     10
1754     -8
1755     -7
1756     -17
1757     2
1758     16
1759     -11
1760     -4
1761     14
1762     20
1763     12
1764     -8
1765     -14
1766     4
1767     -12
1768     -5
1769     7
1770     -14
1771     8
1772     -17
1773     -20
1774     -3
1775     10
1776     -17
1777     11
1778     15
1779     -5
1780     9
1781     14
1782     4
1783     -18
1784     13
1785     -11
1786     3
1787     17
1788     -13
1789     -14
1790     -5
1791     8
1792     11
1793     8
1794     -19
1795     19
1796     -18
1797     -13
1798     14
1799     -13
1800     9
1801     -4
1802     18
1803     1
1804     -7
1805     -4
1806     -18
1807     8
1808     13
1809     -4
1810     2
1811     -7
1812     -5
1813     4
1814     -3
1815     -11
1816     -1
1817     4
1818     -20
1819     -11
1820     -21
1821     -12
1822     14
1823     -7
1824     -14
1825     5
1826     16
1827     3
1828     20
1829     13
1830     1
1831     -8
1832     -17
1833     6
1834     0
1835     17
1836     12
1837     -4
1838     -7
1839     5
1840     15
1841     2
1842     19
1843     -5
1844     -10
1845     7
1846     5
1847     1
1848     -13
1849     -12
1850     -6
1851     12
1852     3
1853     0
1854     -3
1855     8
1856     -1
1857     -8
1858     -2
1859     17
1860     21
1861     3
1862     16
1863     8
1864     -13
1865     14
1866     18
1867     -4
1868     -3
1869     18
1870     4
1871     -21
1872     22
1873     8
1874     0
1875     9
1876     6
1877     15
1878     -2
1879     -4
1880     -4
1881     -2
1882     16
1883     15
1884     -12
1885     2
1886     21
1887     7
1888     -16
1889     -4
1890     18
1891     9
1892     -8
1893     9
1894     6
1895     -17
1896     -11
1897     10
1898     -10
1899     15
1900     3
1901     -8
1902     4
1903     -15
1904     25
1905     11
1906     -17
1907     -5
1908     -7
1909     7
1910     4
1911     -14
1912     1
1913     -22
1914     -12
1915     12
1916     -1
1917     -14
1918     -11
1919     12
1920     -14
1921     7
1922     12
1923     11
1924     -14
1925     -10
1926     5
1927     -11
1928     7
1929     -1
1930     18
1931     12
1932     4
1933     -17
1934     -17
1935     15
1936     -1
1937     5
1938     8
1939     5
1940     14
1941     12
1942     8
1943     -2
1944     17
1945     -6
1946     -16
1947     -19
1948     14
1949     -2
1950     -10
1951     19
1952     3
1953     -3
1954     20
1955     11
1956     -10
1957     12
1958     -16
1959     -1
1960     9
1961     7
1962     -8
1963     -26
1964     11
1965     14
1966     -9
1967     -10
1968     -15
1969     -6
1970     -14
1971     12
1972     11
1973     -9
1974     10
1975     9
1976     -13
1977     -21
1978     20
1979     5
1980     4
1981     17
1982     -10
1983     10
1984     -9
1985     -15
1986     -10
1987     -9
1988     20
1989     5
1990     -13
1991     -10
1992     -18
1993     19
1994     15
1995     -1
1996     12
1997     -17
1998     13
1999     5
2000     -5
2001     -22
2002     -11
2003     18
2004     -3
2005     -4
2006     5
2007     19
2008     -5
2009     9
2010     8
2011     21
2012     16
2013     -15
2014     4
2015     -22
2016     -6
2017     4
2018     -13
2019     0
2020     11
2021     -3
2022     -4
2023     5
2024     -6
2025     -4
2026     -11
2027     -10
2028     8
2029     13
2030     11
2031     11
2032     -8
2033     -8
2034     -10
2035     -6
2036     -1
2037     16
2038     18
2039     6
2040     -7
2041     8
2042     -15
2043     -13
2044     8
2045     -17
2046     -20
2047     -11
2048     2
2049     -20
2050     -19
2051     -1
2052     7
2053     -6
2054     -13
2055     3
2056     -4
2057     8
2058     17
2059     -13
2060     -21
2061     -14
2062     -1
2063     17
2064     -2
2065     3
2066     -3
2067     1
2068     1
2069     -12
2070     19
2071     -2
2072     6
2073     7
2074     6
2075     19
2076     0
2077     -2
2078     12
2079     -19
2080     -12
2081     12
2082     6
2083     2
2084     5
2085     19
2086     -9
2087     10
2088     -4
2089     21
2090     15
2091     -11
2092     2
2093     -13
2094     -5
2095     -7
2096     10
2097     -1
2098     6
2099     3
2100     -18
2101     -13
2102     -8
2103     -12
2104     10
2105     -16
2106     -11
2107     -12
2108     -6
2109     6
2110     -8
2111     8
2112     0
2113     -9
2114     -12
2115     -8
2116     -16
2117     18
2118     -8
2119     1
2120     18
2121     -7
2122     -1
2123     -12
2124     -4
2125     4
2126     1
2127     16
2128     9
2129     -9
2130     20
2131     -11
2132     1
2133     11
2134     -5
2135     -7
2136     -17
2137     15
2138     -11
2139     -13
2140     -3
2141     -4
2142     14
2143     18
2144     3
2145     -18
2146     15
2147     12
2148     17
2149     11
2150     -13
2151     15
2152     -6
2153     20
2154     6
2155     -16
2156     19
2157     13
2158     -13
2159     -9
2160     3
2161     14
2162     18
2163     -10
2164     -2
2165     12
2166     15
2167     -16
2168     -18
2169     14
2170     -17
2171     -4
2172     -17
2173     -18
2174     12
2175     14
2176     8
2177     -13
2178     10
2179     -8
2180     -3
2181     -5
2182     -2
2183     13
2184     -7
2185     13
2186     13
2187     -17
2188     1
2189     -3
2190     -14
2191     -11
2192     -16
2193     13
2194     14
2195     20
2196     18
2197     -22
2198     -1
2199     14
2200     -14
2201     -16
2202     -9
2203     0
2204     -3
2205     -12
