1     15
2     -8
3     2
4     9
5     -9
6     17
7     23
8     10
9     1
10     -2
11     -15
12     -22
13     -14
14     -1
15     -15
16     1
17     -11
18     -22
19     -10
20     1
21     -7
22     2
23     16
24     0
25     1
26     0
27     -15
28     4
29     20
30     17
31     -12
32     10
33     13
34     9
35     20
36     6
37     17
38     17
39     -26
40     -12
41     5
42     12
43     13
44     -14
45     15
46     -16
47     -10
48     -16
49     -19
50     -4
51     14
52     -3
53     -12
54     -2
55     4
56     17
57     -9
58     1
59     14
60     13
61     20
62     -15
63     -5
64     10
65     -14
66     -7
67     -20
68     15
69     13
70     -8
71     -13
72     4
73     15
74     -7
75     15
76     18
77     12
78     15
79     0
80     -9
81     16
82     -8
83     13
84     18
85     -22
86     -16
87     4
88     -19
89     5
90     5
91     -5
92     19
93     -21
94     -1
95     19
96     13
97     0
98     -16
99     0
100     6
101     -20
102     0
103     13
104     -17
105     16
106     3
107     -13
108     -8
109     -6
110     6
111     12
112     -19
113     -10
114     18
115     -17
116     2
117     -19
118     -13
119     -8
120     -24
121     -16
122     -6
123     -17
124     -4
125     10
126     2
127     5
128     1
129     10
130     -6
131     6
132     -19
133     -15
134     -1
135     -4
136     15
137     -6
138     -5
139     -10
140     -10
141     2
142     8
143     8
144     8
145     -14
146     9
147     8
148     -6
149     3
150     -7
151     7
152     -13
153     18
154     9
155     -7
156     14
157     -15
158     7
159     -17
160     8
161     25
162     8
163     -3
164     -2
165     -9
166     -3
167     18
168     -25
169     -1
170     16
171     18
172     3
173     -11
174     7
175     -16
176     -9
177     20
178     8
179     -6
180     -3
181     -15
182     9
183     11
184     11
185     -10
186     -20
187     -16
188     7
189     1
190     -10
191     -2
192     5
193     -23
194     8
195     5
196     -15
197     -6
198     -10
199     4
200     -12
201     15
202     12
203     4
204     -11
205     13
206     -17
207     -17
208     12
209     4
210     -14
211     -4
212     -5
213     -18
214     -7
215     -10
216     -8
217     -21
218     -15
219     16
220     -7
221     -18
222     -6
223     12
224     3
225     -13
226     4
227     -5
228     -9
229     -8
230     -6
231     -15
232     17
233     6
234     6
235     7
236     9
237     -14
238     -14
239     12
240     -16
241     16
242     10
243     -20
244     -11
245     -1
246     14
247     5
248     -17
249     -9
250     21
251     -14
252     8
253     13
254     -7
255     5
256     7
257     22
258     19
259     -3
260     -18
261     17
262     0
263     -4
264     19
265     2
266     13
267     6
268     -4
269     9
270     13
271     -16
272     1
273     21
274     -8
275     -19
276     -9
277     -17
278     -24
279     2
280     0
281     12
282     10
283     -19
284     7
285     2
286     -7
287     -14
288     -3
289     -12
290     -12
291     15
292     1
293     6
294     5
295     -2
296     -19
297     15
298     13
299     10
300     1
301     9
302     -5
303     -12
304     -1
305     -22
306     16
307     2
308     -5
309     1
310     4
311     18
312     -18
313     -10
314     8
315     -12
316     -4
317     -4
318     -2
319     -14
320     5
321     -6
322     -14
323     6
324     -10
325     -12
326     15
327     -9
328     11
329     15
330     0
331     2
332     -6
333     11
334     0
335     18
336     7
337     -22
338     -13
339     5
340     -10
341     13
342     -2
343     -19
344     6
345     5
346     22
347     -15
348     12
349     23
350     -16
351     4
352     -2
353     6
354     -2
355     6
356     0
357     12
358     12
359     -1
360     -10
361     1
362     17
363     -10
364     6
365     14
366     18
367     4
368     13
369     -14
370     -5
371     10
372     -10
373     19
374     -19
375     -13
376     -5
377     1
378     3
379     -16
380     16
381     -1
382     9
383     -14
384     -5
385     24
386     -6
387     17
388     15
389     -15
390     -13
391     -12
392     9
393     -2
394     -20
395     -24
396     -10
397     -14
398     -2
399     22
400     -17
401     14
402     -9
403     -2
404     18
405     13
406     8
407     -11
408     -7
409     6
410     7
411     17
412     -8
413     -7
414     19
415     -15
416     14
417     -13
418     -26
419     -3
420     3
421     12
422     17
423     -4
424     -18
425     8
426     -18
427     -8
428     8
429     12
430     12
431     -13
432     -13
433     7
434     10
435     -9
436     -21
437     -5
438     18
439     11
440     -12
441     -15
442     -1
443     5
444     6
445     -9
446     -11
447     -17
448     -17
449     -9
450     7
451     -2
452     3
453     2
454     -4
455     -12
456     4
457     0
458     7
459     9
460     -22
461     11
462     5
463     14
464     0
465     10
466     -8
467     -26
468     2
469     -7
470     -7
471     -18
472     11
473     17
474     11
475     -2
476     0
477     -3
478     -9
479     7
480     -10
481     9
482     -13
483     -3
484     23
485     -13
486     -18
487     -6
488     12
489     8
490     -18
491     18
492     -9
493     -20
494     18
495     -14
496     -15
497     -17
498     14
499     3
500     -15
501     0
502     -13
503     10
504     -12
505     -10
506     17
507     8
508     14
509     8
510     2
511     -15
512     -21
513     -1
514     16
515     -15
516     -2
517     13
518     -21
519     -13
520     10
521     12
522     15
523     12
524     -20
525     -8
526     9
527     22
528     18
529     3
530     -17
531     -10
532     6
533     -16
534     11
535     -8
536     2
537     -8
538     -23
539     -11
540     -5
541     8
542     11
543     12
544     8
545     -3
546     2
547     8
548     -21
549     -13
550     -1
551     19
552     0
553     4
554     7
555     -16
556     5
557     23
558     2
559     -14
560     16
561     -6
562     10
563     14
564     0
565     -5
566     13
567     12
568     3
569     3
570     -20
571     8
572     9
573     -7
574     4
575     19
576     -4
577     -8
578     10
579     -11
580     2
581     20
582     -12
583     15
584     -5
585     -4
586     11
587     -1
588     -16
589     -16
590     9
591     18
592     -6
593     -20
594     -6
595     -4
596     7
597     -17
598     -12
599     -6
600     4
601     -5
602     12
603     12
604     8
605     -6
606     -14
607     14
608     -9
609     9
610     -16
611     -6
612     15
613     14
614     -1
615     -10
616     9
617     13
618     23
619     9
620     22
621     5
622     10
623     12
624     -18
625     -1
626     -12
627     -9
628     -2
629     2
630     20
631     -7
632     -4
633     23
634     -17
635     -2
636     6
637     -9
638     7
639     -6
640     14
641     19
642     10
643     -12
644     -6
645     14
646     2
647     -9
648     -14
649     -5
650     -16
651     -7
652     10
653     13
654     -13
655     6
656     13
657     -11
658     -2
659     4
660     10
661     20
662     4
663     -10
664     12
665     -8
666     -9
667     -12
668     -14
669     0
670     13
671     -6
672     -16
673     -3
674     1
675     7
676     -21
677     4
678     -3
679     4
680     19
681     -17
682     -4
683     -9
684     -1
685     -12
686     -21
687     16
688     4
689     -18
690     7
691     14
692     1
693     6
694     -9
695     16
696     2
697     -18
698     17
699     -4
700     14
701     13
702     -19
703     -18
704     12
705     -11
706     -23
707     -9
708     -15
709     18
710     6
711     9
712     8
713     -12
714     -18
715     -11
716     -15
717     -19
718     3
719     6
720     16
721     -9
722     8
723     -2
724     -11
725     11
726     -3
727     -1
728     -10
729     14
730     2
731     -5
732     -20
733     11
734     -7
735     -16
736     23
737     -15
738     10
739     9
740     -12
741     0
742     -6
743     -21
744     3
745     -19
746     17
747     -12
748     -26
749     17
750     -8
751     0
752     -18
753     7
754     15
755     12
756     4
757     18
758     -14
759     2
760     1
761     -12
762     8
763     11
764     20
765     15
766     7
767     -15
768     14
769     -14
770     -4
771     4
772     -11
773     17
774     -2
775     -22
776     -16
777     9
778     -14
779     7
780     22
781     -5
782     -4
783     -15
784     -10
785     10
786     -6
787     -9
788     -8
789     -16
790     12
791     -7
792     7
793     -11
794     -21
795     -3
796     -20
797     0
798     1
799     -11
800     17
801     10
802     -14
803     -20
804     -14
805     -13
806     13
807     24
808     3
809     10
810     -11
811     0
812     -8
813     -23
814     6
815     -11
816     -18
817     -3
818     9
819     -7
820     -10
821     -16
822     -23
823     7
824     3
825     19
826     1
827     5
828     11
829     3
830     11
831     -4
832     6
833     -15
834     -2
835     16
836     -5
837     1
838     9
839     -8
840     -15
841     18
842     9
843     5
844     -8
845     -23
846     10
847     9
848     -6
849     -7
850     10
851     -3
852     -14
853     -10
854     -4
855     7
856     8
857     12
858     -7
859     8
860     -7
861     -22
862     -12
863     -21
864     9
865     -15
866     4
867     11
868     -6
869     21
870     -17
871     -8
872     -10
873     -5
874     10
875     8
876     1
877     5
878     0
879     -16
880     0
881     -3
882     -9
883     -7
884     16
885     -8
886     -13
887     -7
888     -10
889     -13
890     1
891     -16
892     9
893     0
894     -12
895     5
896     -22
897     10
898     6
899     12
900     25
901     7
902     -5
903     -5
904     1
905     2
906     16
907     9
908     -13
909     3
910     10
911     11
912     22
913     13
914     -4
915     5
916     -14
917     -3
918     -10
919     12
920     -7
921     3
922     20
923     -20
924     3
925     15
926     18
927     -18
928     -4
929     6
930     17
931     -7
932     -23
933     -7
934     -13
935     5
936     15
937     -1
938     -14
939     9
940     15
941     15
942     -10
943     -7
944     -13
945     -22
946     7
947     10
948     19
949     -14
950     -20
951     13
952     9
953     -1
954     6
955     7
956     -10
957     8
958     -19
959     -22
960     3
961     -6
962     -20
963     -16
964     16
965     0
966     3
967     11
968     6
969     -14
970     -3
971     -5
972     -3
973     -9
974     8
975     -7
976     -18
977     -10
978     -2
979     20
980     -2
981     1
982     -8
983     -1
984     15
985     22
986     -14
987     -14
988     17
989     -9
990     -8
991     13
992     9
993     17
994     -17
995     -16
996     5
997     16
998     25
999     -10
1000     11
1001     19
1002     19
1003     18
1004     7
1005     6
1006     8
1007     12
1008     6
1009     10
1010     16
1011     18
1012     -11
1013     -2
1014     -12
1015     -17
1016     1
1017     -5
1018     -8
1019     -5
1020     -16
1021     1
1022     -3
1023     2
1024     21
1025     18
1026     -3
1027     -17
1028     -2
1029     -1
1030     -5
1031     -21
1032     1
1033     10
1034     9
1035     16
1036     20
1037     10
1038     1
1039     2
1040     6
1041     14
1042     11
1043     12
1044     6
1045     11
1046     -11
1047     4
1048     5
1049     8
1050     4
1051     -12
1052     13
1053     -3
1054     15
1055     -12
1056     -13
1057     -3
1058     -6
1059     1
1060     -8
1061     -4
1062     -19
1063     -14
1064     1
1065     -14
1066     13
1067     20
1068     -21
1069     15
1070     15
1071     -6
1072     8
1073     15
1074     2
1075     8
1076     7
1077     -20
1078     7
1079     -2
1080     -4
1081     7
1082     -9
1083     -14
1084     -6
1085     16
1086     -18
1087     16
1088     10
1089     11
1090     10
1091     -22
1092     13
1093     -10
1094     -3
1095     3
1096     5
1097     -15
1098     4
1099     6
1100     -5
1101     22
1102     -3
1103     -12
1104     4
1105     -16
1106     -16
1107     -6
1108     18
1109     -7
1110     -21
1111     14
1112     -3
1113     7
1114     2
1115     20
1116     8
1117     3
1118     -5
1119     -10
1120     6
1121     -6
1122     -4
1123     -8
1124     16
1125     -6
1126     -6
1127     -14
1128     2
1129     -9
1130     -20
1131     -12
1132     0
1133     19
1134     9
1135     -4
1136     -8
1137     19
1138     12
1139     4
1140     -19
1141     12
1142     1
1143     10
1144     25
1145     12
1146     15
1147     0
1148     13
1149     -15
1150     8
1151     13
1152     -11
1153     -5
1154     -7
1155     13
1156     3
1157     9
1158     -8
1159     0
1160     -3
1161     -14
1162     9
1163     -16
1164     13
1165     19
1166     -9
1167     11
1168     -10
1169     -11
1170     7
1171     -4
1172     -9
1173     -6
1174     4
1175     6
1176     -12
1177     -11
1178     10
1179     10
1180     -9
1181     -14
1182     -17
1183     1
1184     3
1185     4
1186     6
1187     -16
1188     12
1189     22
1190     -8
1191     -18
1192     -19
1193     -14
1194     -16
1195     -4
1196     -5
1197     -16
1198     14
1199     3
1200     -6
1201     -16
1202     14
1203     -11
1204     -21
1205     7
1206     -6
1207     -2
1208     2
1209     18
1210     6
1211     6
1212     -12
1213     -12
1214     -6
1215     12
1216     -10
1217     -21
1218     -3
1219     -14
1220     -13
1221     20
1222     7
1223     -16
1224     15
1225     -15
1226     0
1227     -9
1228     6
1229     19
1230     -4
1231     -4
1232     -16
1233     -14
1234     -9
1235     -9
1236     7
1237     16
1238     1
1239     -7
1240     -7
1241     6
1242     -3
1243     14
1244     -8
1245     -15
1246     17
1247     -4
1248     -10
1249     14
1250     3
1251     15
1252     -10
1253     5
1254     17
1255     11
1256     16
1257     -6
1258     9
1259     -2
1260     1
1261     7
1262     21
1263     -14
1264     -22
1265     -14
1266     -11
1267     15
1268     -11
1269     13
1270     17
1271     -10
1272     -8
1273     9
1274     13
1275     -16
1276     -5
1277     14
1278     -6
1279     -9
1280     -5
1281     -16
1282     -16
1283     1
1284     18
1285     19
1286     13
1287     20
1288     -4
1289     -7
1290     -11
1291     -6
1292     -9
1293     -13
1294     13
1295     -17
1296     8
1297     1
1298     -14
1299     -16
1300     -18
1301     6
1302     -18
1303     -8
1304     18
1305     -1
1306     5
1307     -4
1308     -11
1309     7
1310     -15
1311     19
1312     -9
1313     -24
1314     12
1315     -1
1316     13
1317     -4
1318     10
1319     18
1320     -3
1321     -2
1322     13
1323     0
1324     11
1325     -15
1326     -18
1327     10
1328     -14
1329     17
1330     -6
1331     -18
1332     -4
1333     4
1334     -11
1335     -3
1336     -4
1337     13
1338     15
1339     -10
1340     13
1341     -16
1342     6
1343     12
1344     4
1345     4
1346     11
1347     11
1348     1
1349     -15
1350     -18
1351     14
1352     -12
1353     1
1354     -11
1355     -13
1356     -1
1357     8
1358     13
1359     10
1360     -6
1361     -8
1362     19
1363     -2
1364     -14
1365     -16
1366     -6
1367     -6
1368     -21
1369     -13
1370     -2
1371     -9
1372     -6
1373     20
1374     14
1375     14
1376     -12
1377     -18
1378     16
1379     -12
1380     -17
1381     -6
1382     13
1383     15
1384     -4
1385     -9
1386     5
1387     -12
1388     -2
1389     12
1390     3
1391     -7
1392     -16
1393     -4
1394     -6
1395     -8
1396     10
1397     -2
1398     -18
1399     3
1400     -2
1401     -19
1402     2
1403     -16
1404     -20
1405     -14
1406     -17
1407     8
1408     19
1409     1
1410     -13
1411     -13
1412     -3
1413     7
1414     -16
1415     13
1416     -1
1417     -20
1418     -7
1419     6
1420     24
1421     17
1422     -8
1423     -3
1424     16
1425     9
1426     4
1427     6
1428     17
1429     14
1430     -1
1431     -19
1432     3
1433     21
1434     17
1435     12
1436     4
1437     -17
1438     1
1439     -13
1440     0
1441     -1
1442     2
1443     20
1444     -10
1445     1
1446     -6
1447     -8
1448     -11
1449     8
1450     22
1451     19
1452     -4
1453     5
1454     -12
1455     0
1456     17
1457     -15
1458     -6
1459     -6
1460     -15
1461     -1
1462     12
1463     -3
1464     -14
1465     12
1466     -8
1467     -16
1468     9
1469     -1
1470     0
1471     13
1472     -9
1473     -18
1474     0
1475     -13
1476     16
1477     6
1478     4
1479     1
1480     -17
1481     12
1482     16
1483     -13
1484     -12
1485     5
1486     5
1487     5
1488     9
1489     -11
1490     -12
1491     16
1492     14
1493     -2
1494     14
1495     6
1496     -21
1497     15
1498     8
1499     -4
1500     -14
1501     -12
1502     -3
1503     -4
1504     16
1505     -15
1506     6
1507     -9
1508     -19
1509     17
1510     10
1511     -12
1512     -3
1513     14
1514     2
1515     22
1516     -7
1517     -9
1518     1
1519     13
1520     23
1521     1
1522     19
1523     -3
1524     -2
1525     17
1526     9
1527     -4
1528     -14
1529     -1
1530     -6
1531     -5
1532     -7
1533     -15
1534     -12
1535     13
1536     13
1537     -4
1538     14
1539     -15
1540     -13
1541     -13
1542     3
1543     5
1544     4
1545     22
1546     -16
1547     -5
1548     3
1549     -4
1550     6
1551     11
1552     -16
1553     9
1554     5
1555     6
1556     19
1557     2
1558     15
1559     20
1560     2
1561     -13
1562     11
1563     23
1564     -14
1565     -5
1566     -11
1567     12
1568     18
1569     1
1570     19
1571     -1
1572     10
1573     9
1574     15
1575     17
1576     -6
1577     -5
1578     13
1579     3
1580     -21
1581     17
1582     17
1583     9
1584     5
1585     -7
1586     9
1587     0
1588     12
1589     -12
1590     7
1591     12
1592     -2
1593     -16
1594     2
1595     -11
1596     -10
1597     -7
1598     -18
1599     -13
1600     -22
1601     0
1602     -12
1603     -5
1604     -11
1605     2
1606     4
1607     12
1608     -3
1609     19
1610     -7
1611     -9
1612     15
1613     -13
1614     -5
1615     -12
1616     14
1617     -3
1618     4
1619     -4
1620     14
1621     16
1622     9
1623     -7
1624     -22
1625     -2
1626     -7
1627     1
1628     -2
1629     10
1630     7
1631     20
1632     -1
1633     16
1634     10
1635     7
1636     13
1637     -18
1638     1
1639     -12
1640     -16
1641     9
1642     20
1643     -10
1644     15
1645     11
1646     -12
1647     -3
1648     9
1649     11
1650     2
1651     22
1652     11
1653     10
1654     16
1655     -11
1656     14
1657     -9
1658     -20
1659     -1
1660     -11
1661     16
1662     20
1663     11
1664     -8
1665     6
1666     -7
1667     -3
1668     -14
1669     9
1670     26
1671     -16
1672     -10
1673     1
1674     16
1675     -5
1676     6
1677     -2
1678     1
1679     8
1680     -22
1681     -5
1682     10
1683     -17
1684     -6
1685     -14
1686     -8
1687     -6
1688     -20
1689     -21
1690     -1
1691     7
1692     -11
1693     13
1694     2
1695     16
1696     19
1697     17
1698     -10
1699     7
1700     26
1701     -16
1702     0
1703     -15
1704     14
1705     6
1706     -2
1707     -4
1708     3
1709     15
1710     -15
1711     13
1712     -4
1713     1
1714     -15
1715     11
1716     20
1717     14
1718     18
1719     7
1720     17
1721     17
1722     14
1723     -19
1724     13
1725     18
1726     -16
1727     -21
1728     -5
1729     -7
1730     -14
1731     6
1732     5
1733     12
1734     11
1735     -15
1736     -8
1737     -11
1738     -16
1739     -17
1740     -17
1741     1
1742     2
1743     18
1744     1
1745     14
1746     -1
1747     -12
1748     -2
1749     -15
1750     1
1751     -16
1752     8
1753     -10
1754     -13
1755     -16
1756     -21
1757     17
1758     0
1759     11
1760     14
1761     14
1762     20
1763     17
1764     0
1765     -15
1766     -13
1767     -17
1768     17
1769     -18
1770     -17
1771     18
1772     2
1773     -5
1774     -16
1775     14
1776     -6
1777     13
1778     14
1779     1
1780     13
1781     -5
1782     7
1783     5
1784     -15
1785     -12
1786     2
1787     -12
1788     -10
1789     16
1790     -7
1791     -11
1792     8
1793     9
1794     -13
1795     -8
1796     3
1797     -6
1798     22
1799     -13
1800     13
1801     -2
1802     -6
1803     18
1804     -19
1805     3
1806     -17
1807     -1
1808     13
1809     6
1810     -9
1811     -9
1812     12
1813     6
1814     -6
1815     -10
1816     -20
1817     -10
1818     19
1819     19
1820     3
1821     -12
1822     -20
1823     1
1824     6
1825     8
1826     13
1827     -18
1828     10
1829     -12
1830     -7
1831     16
1832     13
1833     11
1834     0
1835     15
1836     8
1837     5
1838     6
1839     -12
1840     10
1841     19
1842     9
1843     20
1844     -8
1845     10
1846     10
1847     2
1848     13
1849     -18
1850     -18
1851     2
1852     19
1853     19
1854     -2
1855     -12
1856     -18
1857     -6
1858     13
1859     9
1860     11
1861     -1
1862     7
1863     15
1864     10
1865     -6
1866     -20
1867     -9
1868     -15
1869     -13
1870     -21
1871     8
1872     22
1873     9
1874     5
1875     -16
1876     -21
1877     -20
1878     13
1879     19
1880     -16
1881     -1
1882     -9
1883     3
1884     15
1885     -14
1886     14
1887     2
1888     15
1889     10
1890     1
1891     -7
1892     -10
1893     17
1894     0
1895     -14
1896     -6
1897     23
1898     9
1899     0
1900     16
1901     -7
1902     0
1903     6
1904     -13
1905     -17
1906     13
1907     -12
1908     -4
1909     13
1910     -17
1911     4
1912     -1
1913     -17
1914     2
1915     3
1916     13
1917     -5
1918     -18
1919     -6
1920     -8
1921     -8
1922     -8
1923     -7
1924     7
1925     0
1926     -16
1927     7
1928     -2
1929     11
1930     -12
1931     11
1932     27
1933     1
1934     -13
1935     -18
1936     -18
1937     -1
1938     14
1939     1
1940     13
1941     8
1942     -15
1943     1
1944     2
1945     -12
1946     -3
1947     -14
1948     7
1949     4
1950     3
1951     -5
1952     12
1953     15
1954     -2
1955     -6
1956     -7
1957     13
1958     16
1959     0
1960     9
1961     17
1962     -3
1963     -14
1964     8
1965     8
1966     -13
1967     11
1968     -11
1969     -11
1970     -1
1971     -17
1972     -2
1973     -4
1974     4
1975     -1
1976     9
1977     20
1978     7
1979     -3
1980     -6
1981     -8
1982     5
1983     5
1984     0
1985     -2
1986     -9
1987     17
1988     14
1989     9
1990     1
1991     -10
1992     -12
1993     18
1994     19
1995     -10
1996     14
1997     6
1998     15
1999     -16
2000     -4
2001     22
2002     -8
2003     -15
2004     -7
2005     -5
2006     -11
2007     -16
2008     -19
2009     10
2010     17
2011     10
2012     -14
2013     9
2014     15
2015     14
2016     4
2017     12
2018     17
2019     9
2020     -12
2021     -22
2022     -7
2023     -23
2024     5
2025     14
2026     13
2027     7
2028     -6
2029     13
2030     19
2031     -6
2032     -2
2033     -7
2034     10
2035     4
2036     -9
2037     17
2038     -17
2039     -15
2040     -3
2041     1
2042     4
2043     -21
2044     -18
2045     -16
2046     19
2047     -2
2048     -19
2049     5
2050     -10
2051     17
2052     -12
2053     -13
2054     -2
2055     6
2056     -14
2057     -20
2058     14
2059     8
2060     -1
2061     -16
2062     9
2063     6
2064     -17
2065     -19
2066     -9
2067     2
2068     -13
2069     -2
2070     11
2071     -15
2072     0
2073     17
2074     11
2075     -17
2076     10
2077     11
2078     15
2079     17
2080     19
2081     4
2082     -11
2083     11
2084     13
2085     11
2086     7
2087     4
2088     -1
2089     9
2090     4
2091     -16
2092     -16
2093     6
2094     -15
2095     1
2096     -12
2097     11
2098     14
2099     1
2100     -6
2101     11
2102     14
2103     -13
2104     13
2105     9
2106     9
2107     6
2108     14
2109     16
2110     -9
2111     -15
2112     -8
2113     -17
2114     13
2115     8
2116     10
2117     4
2118     11
2119     14
2120     3
2121     -3
2122     -14
2123     -3
2124     -4
2125     -1
2126     6
2127     -12
2128     -21
2129     -1
2130     -2
2131     -11
2132     6
2133     1
2134     16
2135     -4
2136     -6
2137     21
2138     9
2139     13
2140     22
2141     13
2142     -13
2143     2
2144     -8
2145     17
2146     -6
2147     -7
2148     8
2149     -10
2150     -1
2151     -5
2152     -17
2153     0
2154     4
2155     -17
2156     17
2157     -9
2158     8
2159     10
2160     -19
2161     3
2162     13
2163     -5
2164     11
2165     27
2166     -8
2167     -6
2168     -9
2169     -17
2170     11
2171     14
2172     0
2173     2
2174     1
2175     -4
2176     18
2177     -16
2178     -1
2179     -8
2180     -3
2181     13
2182     -20
2183     -1
2184     -13
2185     15
2186     4
2187     -8
2188     -6
2189     -8
2190     -2
2191     11
2192     6
2193     -9
2194     -15
2195     -10
2196     13
2197     1
2198     0
2199     4
2200     8
2201     -11
2202     -1
2203     -15
2204     -21
2205     -9
