1     9
2     -6
3     -12
4     -23
5     -9
6     11
7     -19
8     -6
9     -18
10     12
11     4
12     -10
13     8
14     12
15     15
16     -14
17     11
18     -8
19     -11
20     -3
21     -6
22     22
23     9
24     4
25     1
26     12
27     9
28     -7
29     -21
30     -8
31     8
32     -7
33     -15
34     10
35     9
36     -10
37     -22
38     -3
39     1
40     -1
41     19
42     19
43     14
44     7
45     11
46     15
47     0
48     -14
49     10
50     -12
51     -15
52     8
53     -7
54     1
55     14
56     12
57     3
58     -5
59     -3
60     10
61     3
62     9
63     8
64     -14
65     -2
66     14
67     15
68     -1
69     -19
70     6
71     2
72     -5
73     -8
74     7
75     2
76     -15
77     13
78     -17
79     -13
80     -17
81     -18
82     -16
83     -10
84     2
85     -18
86     -12
87     -8
88     -11
89     -7
90     -25
91     -9
92     16
93     -1
94     9
95     -8
96     5
97     -1
98     -22
99     -11
100     11
101     -4
102     -15
103     11
104     0
105     19
106     6
107     -6
108     21
109     1
110     17
111     4
112     -17
113     22
114     1
115     -22
116     -7
117     -6
118     4
119     9
120     12
121     5
122     19
123     12
124     -8
125     10
126     -7
127     8
128     2
129     20
130     -6
131     -9
132     10
133     -24
134     -20
135     -11
136     16
137     -28
138     11
139     8
140     -16
141     6
142     -1
143     9
144     -14
145     4
146     1
147     2
148     -12
149     -14
150     14
151     -8
152     -3
153     12
154     -12
155     -18
156     -5
157     12
158     22
159     -10
160     -2
161     10
162     -10
163     0
164     9
165     -17
166     -7
167     15
168     -13
169     0
170     4
171     4
172     0
173     9
174     -4
175     19
176     6
177     -19
178     20
179     14
180     19
181     -4
182     -4
183     5
184     -13
185     8
186     0
187     -21
188     -8
189     -13
190     -7
191     8
192     -16
193     -22
194     -4
195     8
196     20
197     5
198     -3
199     17
200     -7
201     0
202     -9
203     6
204     6
205     -7
206     -20
207     -2
208     6
209     -23
210     -11
211     -2
212     -4
213     -13
214     24
215     -10
216     -4
217     9
218     -10
219     11
220     10
221     19
222     13
223     -17
224     0
225     2
226     4
227     6
228     -14
229     10
230     -15
231     -19
232     -11
233     23
234     14
235     5
236     4
237     10
238     14
239     -12
240     -16
241     -11
242     1
243     -4
244     2
245     2
246     13
247     8
248     9
249     -20
250     -9
251     10
252     -19
253     -10
254     -14
255     -9
256     3
257     23
258     5
259     20
260     10
261     -13
262     -17
263     -6
264     11
265     4
266     -19
267     -2
268     10
269     -10
270     9
271     -22
272     -18
273     -12
274     12
275     15
276     21
277     10
278     -9
279     -7
280     -16
281     -3
282     3
283     9
284     1
285     -11
286     -17
287     -16
288     15
289     3
290     -11
291     15
292     4
293     5
294     17
295     7
296     -19
297     -7
298     -1
299     9
300     14
301     -8
302     -5
303     16
304     14
305     -19
306     -7
307     -1
308     -1
309     18
310     9
311     12
312     1
313     -22
314     -13
315     -18
316     -2
317     8
318     4
319     18
320     -5
321     -25
322     -7
323     14
324     10
325     -6
326     -17
327     -5
328     -19
329     -6
330     1
331     6
332     6
333     5
334     5
335     -9
336     20
337     9
338     -4
339     -4
340     -15
341     -10
342     -1
343     12
344     -4
345     -19
346     -11
347     -1
348     7
349     1
350     4
351     18
352     -3
353     -14
354     8
355     4
356     -12
357     12
358     -4
359     -11
360     1
361     -10
362     12
363     13
364     3
365     10
366     -6
367     -10
368     16
369     4
370     1
371     2
372     -4
373     -19
374     -16
375     -7
376     -16
377     22
378     5
379     -16
380     -4
381     9
382     16
383     -9
384     3
385     -2
386     -3
387     20
388     -2
389     -12
390     7
391     -4
392     -10
393     -7
394     -19
395     -2
396     11
397     -3
398     9
399     12
400     9
401     20
402     1
403     -10
404     -4
405     7
406     19
407     4
408     -7
409     -9
410     -5
411     -3
412     3
413     -15
414     -14
415     -4
416     -20
417     -5
418     -7
419     23
420     -3
421     -11
422     -2
423     -14
424     14
425     7
426     7
427     3
428     -15
429     -17
430     -3
431     13
432     12
433     -23
434     2
435     9
436     -17
437     -4
438     9
439     -17
440     -4
441     -6
442     12
443     3
444     -11
445     4
446     -18
447     17
448     4
449     -12
450     -9
451     4
452     15
453     9
454     24
455     10
456     -8
457     13
458     -6
459     -8
460     20
461     0
462     -16
463     -18
464     7
465     -3
466     -15
467     4
468     -20
469     -14
470     -2
471     5
472     20
473     -8
474     2
475     12
476     -12
477     10
478     19
479     4
480     13
481     13
482     -5
483     -13
484     -8
485     7
486     0
487     -4
488     -14
489     1
490     16
491     13
492     -10
493     7
494     13
495     4
496     1
497     -12
498     15
499     -3
500     -18
501     2
502     17
503     8
504     19
505     7
506     -4
507     22
508     -9
509     -10
510     2
511     -17
512     2
513     -23
514     -15
515     -14
516     -5
517     -7
518     -10
519     7
520     -4
521     3
522     -23
523     4
524     5
525     -10
526     21
527     -10
528     -3
529     16
530     -13
531     -11
532     -3
533     0
534     -19
535     -1
536     13
537     -23
538     10
539     9
540     26
541     11
542     -14
543     20
544     -27
545     -4
546     12
547     -5
548     24
549     14
550     -13
551     -10
552     -2
553     -12
554     -6
555     -12
556     -16
557     2
558     12
559     -24
560     -6
561     15
562     -12
563     -19
564     -14
565     8
566     -21
567     -3
568     10
569     -12
570     23
571     12
572     -22
573     -3
574     4
575     -20
576     11
577     12
578     14
579     -20
580     2
581     13
582     -17
583     13
584     -8
585     -12
586     -3
587     -13
588     11
589     14
590     9
591     3
592     -13
593     15
594     20
595     13
596     13
597     17
598     2
599     -23
600     1
601     12
602     -9
603     -5
604     -2
605     11
606     -4
607     -10
608     -19
609     -6
610     6
611     -25
612     -9
613     1
614     -3
615     25
616     7
617     -21
618     -5
619     12
620     19
621     1
622     -6
623     1
624     21
625     14
626     -6
627     8
628     16
629     4
630     27
631     12
632     -10
633     -5
634     2
635     18
636     3
637     21
638     10
639     -4
640     13
641     6
642     -23
643     -8
644     -5
645     -6
646     10
647     18
648     -3
649     -3
650     11
651     -12
652     7
653     -17
654     -13
655     -5
656     -17
657     -2
658     -3
659     0
660     -22
661     -13
662     -14
663     -7
664     11
665     -15
666     -2
667     5
668     2
669     -19
670     11
671     10
672     1
673     1
674     -5
675     23
676     19
677     6
678     -11
679     -4
680     -1
681     23
682     18
683     -9
684     -21
685     6
686     7
687     -1
688     23
689     14
690     -3
691     9
692     5
693     4
694     17
695     0
696     13
697     -7
698     0
699     -12
700     -2
701     19
702     -15
703     1
704     7
705     -22
706     3
707     12
708     4
709     8
710     6
711     16
712     15
713     -9
714     -11
715     22
716     3
717     -6
718     23
719     1
720     -1
721     6
722     -11
723     19
724     7
725     13
726     3
727     11
728     9
729     -21
730     2
731     -7
732     -11
733     10
734     14
735     19
736     6
737     32
738     4
739     -5
740     10
741     -12
742     0
743     -9
744     14
745     -19
746     2
747     12
748     -23
749     -8
750     11
751     6
752     0
753     -15
754     -18
755     -20
756     0
757     17
758     -4
759     18
760     -1
761     -8
762     22
763     3
764     -16
765     -11
766     -8
767     -7
768     13
769     -10
770     -8
771     -4
772     -18
773     1
774     -15
775     -2
776     1
777     -3
778     -6
779     -2
780     18
781     12
782     22
783     5
784     -7
785     -17
786     -14
787     -10
788     -9
789     -6
790     -6
791     13
792     -15
793     -9
794     22
795     16
796     14
797     -9
798     8
799     0
800     6
801     -1
802     -14
803     20
804     -8
805     -6
806     -5
807     -12
808     -14
809     -10
810     -12
811     -12
812     -6
813     23
814     6
815     -6
816     20
817     -2
818     5
819     7
820     15
821     -14
822     -8
823     -5
824     -9
825     -1
826     -5
827     7
828     14
829     10
830     -18
831     -7
832     7
833     -6
834     -22
835     -17
836     -17
837     -15
838     -1
839     -8
840     -15
841     20
842     5
843     -8
844     20
845     12
846     21
847     5
848     7
849     -19
850     -10
851     -8
852     -8
853     9
854     -7
855     18
856     2
857     21
858     10
859     -8
860     -11
861     5
862     18
863     -21
864     -7
865     16
866     9
867     -3
868     -22
869     -2
870     1
871     -10
872     7
873     -3
874     -21
875     -3
876     19
877     -8
878     18
879     -8
880     -9
881     2
882     -16
883     19
884     -15
885     -8
886     -9
887     -13
888     8
889     21
890     6
891     11
892     15
893     1
894     4
895     -17
896     0
897     -22
898     -6
899     -7
900     -5
901     6
902     8
903     5
904     13
905     11
906     -10
907     6
908     -20
909     10
910     -17
911     4
912     14
913     -7
914     -6
915     -17
916     -12
917     -3
918     14
919     -22
920     -11
921     12
922     18
923     9
924     6
925     18
926     11
927     15
928     -14
929     -8
930     -6
931     -6
932     6
933     -8
934     19
935     10
936     -1
937     22
938     3
939     -2
940     1
941     -14
942     -13
943     -11
944     9
945     -12
946     -14
947     3
948     8
949     -5
950     24
951     18
952     7
953     13
954     -15
955     0
956     -3
957     8
958     10
959     6
960     -19
961     -2
962     7
963     -7
964     17
965     -17
966     -15
967     -6
968     -3
969     -18
970     16
971     2
972     -7
973     4
974     12
975     3
976     -7
977     19
978     -17
979     -18
980     0
981     -4
982     -1
983     14
984     -23
985     -3
986     16
987     -19
988     -13
989     -3
990     -19
991     -13
992     24
993     12
994     -10
995     -5
996     3
997     7
998     -7
999     -20
1000     8
1001     -1
1002     -18
1003     16
1004     6
1005     -19
1006     9
1007     -7
1008     -15
1009     -3
1010     -15
1011     0
1012     1
1013     -14
1014     -3
1015     18
1016     -12
1017     -13
1018     16
1019     16
1020     8
1021     23
1022     16
1023     -5
1024     1
1025     -18
1026     4
1027     13
1028     -11
1029     4
1030     9
1031     13
1032     1
1033     20
1034     -1
1035     -12
1036     -1
1037     -6
1038     -6
1039     11
1040     10
1041     -21
1042     -10
1043     -10
1044     1
1045     -11
1046     15
1047     3
1048     12
1049     11
1050     -18
1051     6
1052     -1
1053     2
1054     -12
1055     -9
1056     24
1057     -4
1058     1
1059     12
1060     3
1061     2
1062     6
1063     9
1064     -7
1065     14
1066     5
1067     -5
1068     17
1069     0
1070     -10
1071     11
1072     -20
1073     -5
1074     -3
1075     3
1076     -1
1077     -7
1078     -3
1079     -21
1080     6
1081     24
1082     3
1083     0
1084     5
1085     -19
1086     16
1087     9
1088     -4
1089     -14
1090     -13
1091     18
1092     -28
1093     -5
1094     10
1095     -4
1096     1
1097     -6
1098     2
1099     -7
1100     1
1101     -17
1102     -6
1103     3
1104     12
1105     -12
1106     -7
1107     8
1108     -11
1109     -16
1110     -13
1111     -5
1112     -9
1113     21
1114     -9
1115     1
1116     0
1117     -12
1118     25
1119     4
1120     9
1121     -8
1122     8
1123     5
1124     -13
1125     1
1126     -7
1127     20
1128     -12
1129     -14
1130     5
1131     -26
1132     -2
1133     16
1134     13
1135     6
1136     -12
1137     12
1138     20
1139     20
1140     6
1141     19
1142     -14
1143     -6
1144     12
1145     -14
1146     17
1147     -10
1148     -15
1149     -15
1150     -1
1151     13
1152     3
1153     -7
1154     -8
1155     -14
1156     19
1157     -9
1158     -7
1159     9
1160     -15
1161     28
1162     14
1163     0
1164     -6
1165     -15
1166     -15
1167     16
1168     8
1169     -2
1170     21
1171     -1
1172     -8
1173     -16
1174     -3
1175     17
1176     6
1177     -11
1178     -4
1179     15
1180     19
1181     -5
1182     -19
1183     -3
1184     16
1185     9
1186     -1
1187     -7
1188     -2
1189     11
1190     12
1191     18
1192     17
1193     1
1194     -5
1195     3
1196     -4
1197     0
1198     6
1199     8
1200     -8
1201     5
1202     -16
1203     7
1204     13
1205     -13
1206     -6
1207     -14
1208     2
1209     -13
1210     23
1211     12
1212     0
1213     7
1214     11
1215     12
1216     -18
1217     -12
1218     -9
1219     5
1220     -3
1221     9
1222     0
1223     -1
1224     5
1225     -7
1226     19
1227     -13
1228     -13
1229     21
1230     14
1231     2
1232     -18
1233     4
1234     9
1235     -20
1236     25
1237     1
1238     -10
1239     18
1240     14
1241     11
1242     -20
1243     10
1244     8
1245     5
1246     7
1247     -9
1248     19
1249     -4
1250     -15
1251     -11
1252     -14
1253     -6
1254     3
1255     20
1256     18
1257     -8
1258     -7
1259     20
1260     -10
1261     -2
1262     24
1263     3
1264     -13
1265     -11
1266     -18
1267     -2
1268     21
1269     -1
1270     -13
1271     -25
1272     -11
1273     3
1274     22
1275     -2
1276     6
1277     9
1278     -10
1279     12
1280     -6
1281     19
1282     17
1283     10
1284     -1
1285     -10
1286     -12
1287     -10
1288     -5
1289     6
1290     -9
1291     3
1292     22
1293     10
1294     -6
1295     -17
1296     5
1297     -12
1298     5
1299     12
1300     -13
1301     -22
1302     11
1303     2
1304     -13
1305     8
1306     -18
1307     -7
1308     2
1309     1
1310     -20
1311     -4
1312     -7
1313     9
1314     14
1315     -14
1316     -2
1317     6
1318     -13
1319     -14
1320     11
1321     0
1322     -7
1323     15
1324     -17
1325     -7
1326     6
1327     -17
1328     12
1329     -7
1330     -6
1331     6
1332     21
1333     7
1334     -15
1335     -14
1336     17
1337     15
1338     6
1339     -3
1340     1
1341     21
1342     8
1343     3
1344     -3
1345     3
1346     -18
1347     -7
1348     -9
1349     18
1350     -1
1351     -8
1352     5
1353     -5
1354     23
1355     -8
1356     -14
1357     -14
1358     9
1359     3
1360     -11
1361     -18
1362     -17
1363     -11
1364     -21
1365     0
1366     -17
1367     1
1368     14
1369     0
1370     16
1371     1
1372     2
1373     -10
1374     -15
1375     14
1376     -10
1377     -12
1378     21
1379     -9
1380     4
1381     2
1382     -3
1383     3
1384     -20
1385     -15
1386     -3
1387     16
1388     -4
1389     -11
1390     0
1391     13
1392     11
1393     9
1394     15
1395     1
1396     -15
1397     -6
1398     14
1399     -16
1400     -2
1401     11
1402     0
1403     -6
1404     -13
1405     -20
1406     6
1407     2
1408     -8
1409     13
1410     7
1411     14
1412     10
1413     -5
1414     -11
1415     15
1416     9
1417     4
1418     -7
1419     3
1420     19
1421     -9
1422     8
1423     -18
1424     -5
1425     16
1426     3
1427     10
1428     -1
1429     23
1430     9
1431     -19
1432     8
1433     12
1434     -16
1435     -7
1436     -2
1437     -1
1438     6
1439     -21
1440     14
1441     3
1442     -14
1443     4
1444     -21
1445     -1
1446     23
1447     7
1448     -12
1449     22
1450     14
1451     13
1452     4
1453     -19
1454     -2
1455     -14
1456     -1
1457     15
1458     17
1459     10
1460     21
1461     11
1462     -4
1463     -12
1464     -9
1465     10
1466     -13
1467     12
1468     -2
1469     -6
1470     0
1471     7
1472     2
1473     -14
1474     3
1475     10
1476     14
1477     -18
1478     24
1479     -5
1480     -11
1481     14
1482     -18
1483     1
1484     11
1485     -3
1486     16
1487     12
1488     3
1489     15
1490     -22
1491     34
1492     3
1493     -8
1494     5
1495     7
1496     13
1497     -14
1498     -15
1499     -8
1500     -9
1501     -11
1502     17
1503     -11
1504     11
1505     4
1506     -8
1507     -14
1508     -18
1509     -15
1510     5
1511     6
1512     -11
1513     20
1514     -9
1515     8
1516     3
1517     -14
1518     12
1519     23
1520     6
1521     -6
1522     16
1523     -20
1524     -12
1525     7
1526     6
1527     18
1528     2
1529     -9
1530     12
1531     3
1532     16
1533     5
1534     -10
1535     7
1536     -10
1537     24
1538     11
1539     9
1540     18
1541     -5
1542     7
1543     4
1544     -20
1545     0
1546     18
1547     18
1548     14
1549     9
1550     -24
1551     -14
1552     -5
1553     -4
1554     13
1555     -5
1556     20
1557     13
1558     -6
1559     20
1560     14
1561     -2
1562     -7
1563     12
1564     6
1565     23
1566     12
1567     -8
1568     -7
1569     -18
1570     5
1571     -11
1572     -6
1573     -9
1574     -4
1575     1
1576     -1
1577     17
1578     -11
1579     -9
1580     8
1581     -6
1582     -5
1583     15
1584     4
1585     -21
1586     -3
1587     -4
1588     19
1589     13
1590     -16
1591     -3
1592     9
1593     1
1594     -10
1595     11
1596     13
1597     10
1598     -1
1599     -6
1600     -11
1601     -6
1602     6
1603     -11
1604     20
1605     14
1606     19
1607     12
1608     -6
1609     19
1610     -18
1611     3
1612     -7
1613     -12
1614     22
1615     4
1616     14
1617     -4
1618     -9
1619     -5
1620     0
1621     -8
1622     10
1623     11
1624     -2
1625     3
1626     12
1627     -2
1628     -11
1629     16
1630     10
1631     7
1632     13
1633     6
1634     3
1635     15
1636     -18
1637     14
1638     1
1639     6
1640     14
1641     -14
1642     -2
1643     -20
1644     -19
1645     0
1646     7
1647     2
1648     -1
1649     -5
1650     -19
1651     3
1652     10
1653     -8
1654     -9
1655     -14
1656     -24
1657     -3
1658     -1
1659     0
1660     13
1661     3
1662     6
1663     -13
1664     17
1665     -20
1666     -2
1667     16
1668     -9
1669     -19
1670     -4
1671     20
1672     -3
1673     -9
1674     -15
1675     20
1676     16
1677     9
1678     8
1679     -12
1680     -13
1681     11
1682     8
1683     -14
1684     -16
1685     -9
1686     15
1687     3
1688     22
1689     11
1690     -10
1691     -13
1692     -11
1693     26
1694     7
1695     -15
1696     -3
1697     3
1698     -10
1699     0
1700     7
1701     -6
1702     28
1703     10
1704     -1
1705     10
1706     25
1707     1
1708     -12
1709     2
1710     -7
1711     -12
1712     1
1713     14
1714     0
1715     5
1716     5
1717     6
1718     -11
1719     19
1720     14
1721     13
1722     -9
1723     -14
1724     3
1725     1
1726     7
1727     -5
1728     -20
1729     -13
1730     23
1731     -1
1732     -13
1733     15
1734     -3
1735     -12
1736     -12
1737     -9
1738     26
1739     6
1740     -7
1741     -24
1742     -12
1743     8
1744     -21
1745     -16
1746     -22
1747     -12
1748     -7
1749     -5
1750     -12
1751     -9
1752     -7
1753     -11
1754     -22
1755     -7
1756     12
1757     0
1758     19
1759     9
1760     -2
1761     8
1762     4
1763     10
1764     12
1765     -4
1766     6
1767     -10
1768     -20
1769     -14
1770     13
1771     12
1772     2
1773     0
1774     13
1775     17
1776     -9
1777     -8
1778     -11
1779     -18
1780     -19
1781     -5
1782     -1
1783     -2
1784     -11
1785     -12
1786     -12
1787     -10
1788     -8
1789     -4
1790     11
1791     -11
1792     -1
1793     -13
1794     9
1795     2
1796     -7
1797     0
1798     -12
1799     22
1800     4
1801     7
1802     3
1803     2
1804     8
1805     8
1806     21
1807     6
1808     3
1809     11
1810     -26
1811     -3
1812     14
1813     -24
1814     -3
1815     4
1816     -13
1817     -12
1818     0
1819     -12
1820     6
1821     16
1822     -10
1823     10
1824     -4
1825     -1
1826     11
1827     17
1828     -5
1829     -5
1830     14
1831     -25
1832     1
1833     -21
1834     9
1835     8
1836     -10
1837     13
1838     -1
1839     -4
1840     1
1841     15
1842     -13
1843     3
1844     -5
1845     -21
1846     13
1847     5
1848     1
1849     21
1850     12
1851     0
1852     -18
1853     22
1854     5
1855     -11
1856     3
1857     -8
1858     -6
1859     -21
1860     -1
1861     -6
1862     13
1863     1
1864     0
1865     5
1866     8
1867     -1
1868     -14
1869     10
1870     7
1871     13
1872     -4
1873     18
1874     15
1875     12
1876     -9
1877     -16
1878     -8
1879     9
1880     -3
1881     -19
1882     -12
1883     8
1884     13
1885     -15
1886     4
1887     -22
1888     -17
1889     -15
1890     -9
1891     -5
1892     -6
1893     16
1894     -18
1895     -1
1896     8
1897     6
1898     -1
1899     -12
1900     -5
1901     -7
1902     12
1903     -6
1904     14
1905     4
1906     -3
1907     15
1908     -25
1909     -4
1910     3
1911     -10
1912     17
1913     3
1914     -6
1915     6
1916     10
1917     3
1918     -8
1919     -2
1920     15
1921     4
1922     -15
1923     -3
1924     12
1925     16
1926     12
1927     -5
1928     0
1929     -8
1930     3
1931     13
1932     -22
1933     -12
1934     15
1935     17
1936     19
1937     14
1938     16
1939     -3
1940     14
1941     5
1942     -15
1943     1
1944     11
1945     9
1946     -14
1947     27
1948     6
1949     -3
1950     5
1951     1
1952     -9
1953     -15
1954     -4
1955     -1
1956     14
1957     10
1958     1
1959     -11
1960     21
1961     13
1962     5
1963     17
1964     4
1965     -27
1966     9
1967     4
1968     -8
1969     15
1970     -5
1971     12
1972     -20
1973     -8
1974     4
1975     9
1976     16
1977     13
1978     10
1979     9
1980     -14
1981     -12
1982     2
1983     10
1984     1
1985     -3
1986     -1
1987     -11
1988     19
1989     3
1990     -16
1991     13
1992     -1
1993     -11
1994     -7
1995     -11
1996     14
1997     -16
1998     -10
1999     -17
2000     -5
2001     0
2002     -9
2003     3
2004     -3
2005     -13
2006     -15
2007     25
2008     14
2009     19
2010     -2
2011     -8
2012     11
2013     -23
2014     -6
2015     12
2016     4
2017     -15
2018     -3
2019     21
2020     -4
2021     -9
2022     11
2023     6
2024     8
2025     18
2026     10
2027     -7
2028     -21
2029     -16
2030     -17
2031     -15
2032     9
2033     6
2034     13
2035     2
2036     15
2037     0
2038     -4
2039     14
2040     -13
2041     11
2042     11
2043     21
2044     7
2045     -1
2046     23
2047     -5
2048     -14
2049     3
2050     -8
2051     12
2052     1
2053     0
2054     9
2055     -22
2056     27
2057     7
2058     -8
2059     -2
2060     -12
2061     6
2062     -18
2063     -12
2064     7
2065     -5
2066     -10
2067     -1
2068     -9
2069     28
2070     2
2071     0
2072     5
2073     -17
2074     18
2075     13
2076     1
2077     0
2078     13
2079     1
2080     5
2081     -23
2082     0
2083     0
2084     -6
2085     16
2086     -15
2087     -7
2088     -5
2089     -2
2090     -15
2091     -6
2092     -1
2093     24
2094     2
2095     -7
2096     14
2097     -2
2098     17
2099     6
2100     0
2101     -11
2102     -11
2103     -9
2104     13
2105     -4
2106     -16
2107     8
2108     15
2109     15
2110     2
2111     12
2112     21
2113     8
2114     3
2115     13
2116     -2
2117     -23
2118     -12
2119     -11
2120     23
2121     2
2122     -11
2123     18
2124     14
2125     0
2126     -18
2127     -9
2128     8
2129     4
2130     -2
2131     14
2132     -7
2133     -10
2134     0
2135     12
2136     14
2137     2
2138     8
2139     3
2140     -10
2141     11
2142     13
2143     -7
2144     10
2145     13
2146     -1
2147     23
2148     16
2149     17
2150     10
2151     -15
2152     -16
2153     7
2154     12
2155     12
2156     -5
2157     1
2158     11
2159     -17
2160     13
2161     17
2162     4
2163     -13
2164     -25
2165     -9
2166     13
2167     -6
2168     -16
2169     -7
2170     -1
2171     -11
2172     -17
2173     -10
2174     11
2175     17
2176     -11
2177     -22
2178     -14
2179     -12
2180     6
2181     13
2182     -1
2183     16
2184     -8
2185     8
2186     -15
2187     -9
2188     8
2189     -1
2190     9
2191     11
2192     7
2193     -15
2194     -23
2195     -11
2196     3
2197     -3
2198     17
2199     -12
2200     -6
2201     16
2202     3
2203     11
2204     11
2205     -5
