1     -3
2     -15
3     10
4     -14
5     15
6     20
7     6
8     -4
9     0
10     14
11     6
12     9
13     -10
14     -11
15     -4
16     -1
17     -1
18     -20
19     -14
20     -2
21     2
22     7
23     11
24     1
25     7
26     4
27     -13
28     12
29     13
30     3
31     1
32     -11
33     21
34     14
35     -4
36     14
37     -4
38     -3
39     -18
40     -17
41     3
42     -22
43     -15
44     -20
45     -10
46     -6
47     -14
48     15
49     -11
50     -4
51     9
52     -14
53     -1
54     -18
55     -10
56     18
57     -17
58     6
59     -17
60     -17
61     -12
62     -3
63     16
64     -17
65     -5
66     -19
67     22
68     5
69     -14
70     -7
71     -17
72     9
73     -15
74     -17
75     -10
76     8
77     10
78     7
79     18
80     -3
81     14
82     5
83     1
84     11
85     10
86     13
87     0
88     18
89     -17
90     4
91     19
92     -14
93     -4
94     0
95     -20
96     -12
97     -10
98     4
99     14
100     -6
101     2
102     11
103     15
104     -8
105     15
106     -22
107     -16
108     7
109     -6
110     19
111     -17
112     6
113     -1
114     1
115     10
116     -13
117     0
118     -15
119     4
120     8
121     -12
122     -7
123     6
124     -5
125     19
126     9
127     -15
128     -9
129     7
130     15
131     -5
132     8
133     0
134     13
135     8
136     3
137     9
138     -21
139     20
140     15
141     -9
142     7
143     -14
144     4
145     -3
146     -10
147     -12
148     -6
149     -3
150     -25
151     -5
152     6
153     4
154     -19
155     -12
156     9
157     -17
158     6
159     4
160     3
161     15
162     -18
163     -2
164     11
165     -13
166     4
167     24
168     12
169     -1
170     -4
171     -7
172     17
173     -13
174     4
175     -7
176     10
177     12
178     -6
179     16
180     -17
181     5
182     -20
183     -8
184     14
185     14
186     8
187     -9
188     11
189     -12
190     -14
191     11
192     2
193     11
194     8
195     20
196     3
197     4
198     -4
199     -17
200     18
201     -3
202     16
203     -21
204     3
205     13
206     14
207     10
208     -14
209     -4
210     -13
211     17
212     -9
213     -9
214     -18
215     0
216     23
217     0
218     -4
219     15
220     14
221     -25
222     -2
223     17
224     -8
225     14
226     11
227     -21
228     1
229     11
230     -10
231     1
232     -5
233     -2
234     -13
235     1
236     20
237     14
238     -1
239     1
240     8
241     0
242     16
243     -16
244     -16
245     -1
246     22
247     -5
248     -1
249     17
250     2
251     16
252     0
253     -6
254     -13
255     5
256     2
257     3
258     -3
259     -5
260     6
261     -15
262     -3
263     1
264     8
265     8
266     -5
267     14
268     14
269     9
270     10
271     16
272     -2
273     13
274     23
275     -12
276     -2
277     9
278     11
279     -11
280     -21
281     20
282     2
283     -12
284     -5
285     -10
286     9
287     -11
288     -15
289     -4
290     18
291     14
292     18
293     16
294     -15
295     -21
296     -4
297     -21
298     -21
299     -9
300     -7
301     14
302     -7
303     -12
304     -3
305     13
306     -14
307     -23
308     10
309     7
310     18
311     19
312     12
313     -7
314     12
315     19
316     -18
317     9
318     -2
319     8
320     -4
321     -16
322     -10
323     -12
324     9
325     -15
326     -19
327     -8
328     -6
329     -4
330     9
331     -3
332     -20
333     6
334     20
335     -12
336     -20
337     6
338     -2
339     -21
340     -9
341     -14
342     16
343     19
344     -9
345     -20
346     -11
347     4
348     -10
349     11
350     -4
351     1
352     0
353     14
354     20
355     -18
356     -18
357     5
358     -6
359     4
360     9
361     15
362     21
363     -2
364     -4
365     -9
366     -6
367     -17
368     -3
369     0
370     8
371     -20
372     -5
373     13
374     -17
375     5
376     14
377     -2
378     5
379     9
380     0
381     13
382     -9
383     11
384     -10
385     -18
386     -18
387     -8
388     15
389     -20
390     -15
391     -6
392     -18
393     5
394     10
395     -19
396     4
397     15
398     -2
399     -12
400     11
401     -16
402     -20
403     -11
404     1
405     12
406     9
407     9
408     -9
409     15
410     -2
411     -13
412     -5
413     -12
414     -11
415     11
416     7
417     -5
418     -7
419     -7
420     1
421     -16
422     -3
423     -10
424     -15
425     9
426     -16
427     12
428     11
429     10
430     14
431     -19
432     11
433     19
434     2
435     -8
436     -16
437     15
438     -7
439     -4
440     5
441     -3
442     13
443     7
444     -7
445     0
446     -20
447     -18
448     7
449     -13
450     -13
451     -7
452     15
453     10
454     8
455     -13
456     3
457     2
458     -5
459     -5
460     -15
461     2
462     7
463     14
464     -13
465     15
466     5
467     -17
468     12
469     14
470     3
471     15
472     21
473     9
474     -4
475     13
476     -2
477     -20
478     -4
479     12
480     2
481     13
482     12
483     -2
484     14
485     -20
486     -9
487     12
488     9
489     -8
490     -2
491     8
492     -4
493     1
494     -17
495     -13
496     5
497     -8
498     -13
499     -8
500     -16
501     9
502     9
503     7
504     -4
505     -17
506     -15
507     11
508     -8
509     -13
510     18
511     10
512     3
513     5
514     4
515     7
516     -3
517     -16
518     -8
519     -12
520     -4
521     -4
522     5
523     -9
524     8
525     16
526     -9
527     10
528     -15
529     3
530     12
531     17
532     9
533     0
534     8
535     -8
536     16
537     -6
538     -5
539     -2
540     11
541     0
542     -25
543     -13
544     10
545     -1
546     9
547     -2
548     -1
549     8
550     -8
551     8
552     19
553     15
554     -2
555     5
556     7
557     15
558     3
559     8
560     12
561     12
562     8
563     12
564     22
565     1
566     5
567     0
568     -2
569     6
570     6
571     10
572     -7
573     15
574     24
575     -5
576     -13
577     8
578     -9
579     -1
580     23
581     9
582     9
583     0
584     -3
585     -10
586     9
587     21
588     -6
589     11
590     5
591     -7
592     1
593     16
594     11
595     -21
596     5
597     -1
598     2
599     13
600     18
601     -16
602     -18
603     13
604     -12
605     -12
606     -19
607     -3
608     5
609     6
610     3
611     -1
612     -12
613     -5
614     0
615     15
616     22
617     14
618     -4
619     -11
620     7
621     -13
622     7
623     23
624     9
625     -2
626     -4
627     6
628     -13
629     5
630     11
631     -1
632     15
633     -6
634     -7
635     -9
636     -12
637     -3
638     16
639     0
640     -6
641     12
642     8
643     -2
644     8
645     5
646     -11
647     -9
648     4
649     -14
650     -24
651     -1
652     2
653     10
654     -16
655     1
656     19
657     -18
658     13
659     2
660     5
661     9
662     -17
663     -8
664     -1
665     -10
666     -17
667     -11
668     12
669     2
670     -20
671     21
672     10
673     -3
674     18
675     -3
676     -7
677     12
678     2
679     -7
680     1
681     -16
682     -18
683     -1
684     -17
685     0
686     8
687     15
688     -16
689     -13
690     20
691     -10
692     -4
693     -8
694     1
695     12
696     19
697     11
698     -7
699     -13
700     16
701     13
702     -13
703     -6
704     0
705     20
706     4
707     -19
708     17
709     20
710     -8
711     -14
712     -14
713     5
714     23
715     5
716     15
717     12
718     -4
719     5
720     -2
721     14
722     0
723     3
724     20
725     0
726     18
727     18
728     -8
729     12
730     0
731     0
732     -3
733     15
734     -18
735     -15
736     21
737     19
738     0
739     -20
740     2
741     0
742     3
743     -2
744     8
745     3
746     4
747     6
748     -11
749     5
750     15
751     -8
752     -1
753     -13
754     16
755     6
756     -12
757     -20
758     -20
759     2
760     -13
761     -14
762     7
763     2
764     -16
765     9
766     -4
767     11
768     10
769     11
770     24
771     7
772     -1
773     9
774     -6
775     -19
776     -2
777     -3
778     -9
779     -23
780     4
781     15
782     0
783     8
784     -15
785     0
786     -15
787     -1
788     1
789     12
790     -14
791     -18
792     21
793     16
794     10
795     -4
796     4
797     -8
798     -17
799     -8
800     -5
801     -12
802     15
803     -1
804     -19
805     -9
806     -3
807     20
808     11
809     20
810     2
811     -14
812     16
813     -9
814     -20
815     6
816     -19
817     -6
818     18
819     -1
820     4
821     13
822     11
823     -16
824     2
825     7
826     -3
827     -7
828     -7
829     6
830     -6
831     6
832     15
833     7
834     -17
835     1
836     -17
837     -17
838     16
839     8
840     15
841     -1
842     1
843     -23
844     -17
845     18
846     -17
847     -22
848     -15
849     8
850     -11
851     -24
852     -7
853     1
854     17
855     -11
856     -18
857     11
858     -11
859     -21
860     -4
861     -12
862     -12
863     -7
864     -17
865     14
866     -4
867     2
868     13
869     -8
870     13
871     -8
872     17
873     -9
874     -9
875     1
876     -18
877     3
878     11
879     20
880     5
881     2
882     -5
883     11
884     3
885     -5
886     -1
887     -20
888     0
889     -23
890     -15
891     4
892     -3
893     13
894     -8
895     2
896     -11
897     2
898     22
899     3
900     0
901     7
902     -9
903     4
904     9
905     -12
906     -6
907     -10
908     -15
909     16
910     -6
911     -12
912     7
913     8
914     21
915     2
916     -11
917     -14
918     -13
919     12
920     13
921     10
922     4
923     20
924     -16
925     14
926     24
927     -22
928     11
929     -5
930     -5
931     -13
932     4
933     18
934     -4
935     -10
936     -8
937     4
938     19
939     22
940     -5
941     -16
942     -20
943     7
944     7
945     -7
946     12
947     16
948     3
949     -9
950     -5
951     -13
952     -15
953     -4
954     17
955     7
956     11
957     18
958     -9
959     -9
960     -18
961     -18
962     11
963     3
964     6
965     10
966     17
967     6
968     -8
969     13
970     -14
971     -19
972     -8
973     14
974     16
975     17
976     12
977     12
978     -11
979     1
980     -7
981     -22
982     16
983     12
984     3
985     -13
986     2
987     -12
988     -20
989     23
990     -5
991     -5
992     7
993     -11
994     0
995     -14
996     -21
997     0
998     -2
999     1
1000     16
1001     0
1002     13
1003     -17
1004     -20
1005     -1
1006     -21
1007     -10
1008     5
1009     14
1010     -13
1011     -14
1012     7
1013     13
1014     2
1015     -12
1016     -3
1017     5
1018     -17
1019     18
1020     18
1021     -3
1022     17
1023     -13
1024     -14
1025     -7
1026     11
1027     2
1028     1
1029     -8
1030     -19
1031     -8
1032     11
1033     -8
1034     -15
1035     7
1036     3
1037     20
1038     -21
1039     4
1040     20
1041     -11
1042     15
1043     12
1044     15
1045     -8
1046     6
1047     6
1048     -15
1049     0
1050     20
1051     16
1052     -14
1053     -12
1054     18
1055     19
1056     -13
1057     17
1058     14
1059     15
1060     5
1061     -10
1062     10
1063     -16
1064     -11
1065     -15
1066     -14
1067     -16
1068     8
1069     0
1070     -19
1071     3
1072     10
1073     16
1074     -15
1075     -13
1076     -8
1077     -2
1078     0
1079     -11
1080     -17
1081     -7
1082     13
1083     -9
1084     -9
1085     4
1086     7
1087     10
1088     12
1089     16
1090     11
1091     5
1092     -6
1093     13
1094     -12
1095     -18
1096     19
1097     14
1098     12
1099     -11
1100     -11
1101     13
1102     9
1103     -14
1104     8
1105     18
1106     -13
1107     7
1108     4
1109     8
1110     -20
1111     -17
1112     1
1113     -18
1114     18
1115     7
1116     6
1117     12
1118     2
1119     14
1120     -6
1121     7
1122     -7
1123     -9
1124     9
1125     8
1126     11
1127     -13
1128     13
1129     -4
1130     -9
1131     -16
1132     -15
1133     14
1134     -12
1135     7
1136     -22
1137     -8
1138     20
1139     -14
1140     12
1141     2
1142     11
1143     -6
1144     -7
1145     21
1146     7
1147     1
1148     -21
1149     -12
1150     17
1151     10
1152     16
1153     -4
1154     -5
1155     -2
1156     -14
1157     10
1158     -6
1159     6
1160     26
1161     0
1162     -16
1163     5
1164     1
1165     13
1166     -12
1167     17
1168     22
1169     -1
1170     15
1171     5
1172     20
1173     -12
1174     -11
1175     14
1176     13
1177     8
1178     0
1179     -4
1180     20
1181     7
1182     -17
1183     2
1184     2
1185     -17
1186     -16
1187     -18
1188     12
1189     -9
1190     -17
1191     9
1192     -16
1193     -1
1194     -19
1195     -21
1196     10
1197     1
1198     2
1199     8
1200     23
1201     14
1202     -14
1203     -5
1204     19
1205     3
1206     -13
1207     -6
1208     11
1209     12
1210     0
1211     5
1212     0
1213     -5
1214     2
1215     9
1216     -15
1217     13
1218     15
1219     8
1220     -13
1221     10
1222     9
1223     -11
1224     11
1225     17
1226     22
1227     -1
1228     -5
1229     20
1230     15
1231     -19
1232     -6
1233     17
1234     5
1235     14
1236     9
1237     -7
1238     0
1239     19
1240     9
1241     -5
1242     16
1243     -9
1244     12
1245     -9
1246     -19
1247     -2
1248     10
1249     -1
1250     -10
1251     7
1252     -12
1253     -13
1254     -22
1255     -16
1256     -8
1257     3
1258     6
1259     9
1260     7
1261     -13
1262     7
1263     2
1264     11
1265     9
1266     -4
1267     0
1268     8
1269     -14
1270     -7
1271     10
1272     1
1273     15
1274     5
1275     3
1276     15
1277     18
1278     8
1279     -7
1280     -16
1281     13
1282     -3
1283     5
1284     22
1285     -18
1286     -15
1287     13
1288     3
1289     -4
1290     -14
1291     16
1292     20
1293     9
1294     7
1295     -2
1296     12
1297     -13
1298     -20
1299     -21
1300     -1
1301     16
1302     22
1303     -13
1304     -4
1305     9
1306     -8
1307     3
1308     -17
1309     -7
1310     -15
1311     -17
1312     -6
1313     -1
1314     -16
1315     2
1316     5
1317     13
1318     -13
1319     -16
1320     -3
1321     -23
1322     9
1323     -4
1324     14
1325     0
1326     -17
1327     10
1328     -2
1329     -10
1330     -9
1331     9
1332     -18
1333     -5
1334     -6
1335     -15
1336     6
1337     -17
1338     -2
1339     -8
1340     -10
1341     17
1342     -13
1343     -20
1344     -14
1345     20
1346     1
1347     -12
1348     16
1349     -16
1350     4
1351     11
1352     3
1353     -12
1354     -8
1355     0
1356     3
1357     2
1358     1
1359     21
1360     8
1361     0
1362     -5
1363     7
1364     -2
1365     -21
1366     3
1367     20
1368     17
1369     11
1370     -8
1371     -9
1372     -10
1373     -15
1374     11
1375     -7
1376     5
1377     2
1378     -18
1379     6
1380     -5
1381     -10
1382     4
1383     15
1384     17
1385     10
1386     -17
1387     5
1388     -6
1389     -6
1390     8
1391     -4
1392     -13
1393     2
1394     20
1395     17
1396     -5
1397     -8
1398     12
1399     10
1400     3
1401     -17
1402     3
1403     4
1404     3
1405     21
1406     -19
1407     1
1408     12
1409     -1
1410     -4
1411     -13
1412     0
1413     -15
1414     11
1415     -18
1416     -17
1417     -13
1418     -3
1419     5
1420     -15
1421     3
1422     -19
1423     -6
1424     5
1425     18
1426     9
1427     14
1428     -20
1429     -20
1430     13
1431     -9
1432     -13
1433     -19
1434     -15
1435     -12
1436     16
1437     16
1438     18
1439     -8
1440     4
1441     11
1442     -5
1443     9
1444     -8
1445     -4
1446     6
1447     7
1448     0
1449     16
1450     17
1451     -2
1452     2
1453     10
1454     12
1455     -6
1456     13
1457     2
1458     8
1459     -1
1460     -19
1461     8
1462     -15
1463     -18
1464     -11
1465     -9
1466     6
1467     16
1468     -2
1469     17
1470     20
1471     7
1472     20
1473     11
1474     19
1475     11
1476     14
1477     -17
1478     -12
1479     17
1480     5
1481     -1
1482     -16
1483     5
1484     5
1485     8
1486     17
1487     13
1488     13
1489     5
1490     2
1491     16
1492     -13
1493     -24
1494     -12
1495     -4
1496     -9
1497     -16
1498     -7
1499     5
1500     23
1501     -1
1502     -9
1503     -18
1504     -2
1505     17
1506     -10
1507     -11
1508     -17
1509     -5
1510     -12
1511     8
1512     16
1513     1
1514     2
1515     13
1516     0
1517     -1
1518     4
1519     5
1520     23
1521     -15
1522     11
1523     9
1524     -2
1525     17
1526     -12
1527     16
1528     -9
1529     -4
1530     14
1531     8
1532     -11
1533     -23
1534     4
1535     0
1536     -1
1537     16
1538     -11
1539     -22
1540     2
1541     12
1542     15
1543     -14
1544     -5
1545     19
1546     2
1547     -5
1548     -19
1549     8
1550     2
1551     -16
1552     9
1553     -10
1554     8
1555     18
1556     2
1557     -20
1558     -9
1559     0
1560     -11
1561     -16
1562     4
1563     6
1564     -20
1565     -7
1566     -21
1567     0
1568     20
1569     -1
1570     14
1571     -6
1572     -3
1573     16
1574     -11
1575     -13
1576     -1
1577     11
1578     11
1579     21
1580     -8
1581     -13
1582     15
1583     -19
1584     -18
1585     -15
1586     4
1587     -5
1588     1
1589     21
1590     -12
1591     -9
1592     8
1593     -3
1594     -16
1595     -14
1596     -8
1597     10
1598     11
1599     -4
1600     -6
1601     -12
1602     -8
1603     10
1604     -1
1605     6
1606     11
1607     15
1608     0
1609     -11
1610     19
1611     13
1612     15
1613     8
1614     -13
1615     0
1616     -11
1617     6
1618     0
1619     5
1620     13
1621     3
1622     -15
1623     5
1624     6
1625     7
1626     7
1627     7
1628     2
1629     6
1630     11
1631     -12
1632     10
1633     -1
1634     3
1635     -7
1636     -1
1637     18
1638     17
1639     -8
1640     -5
1641     17
1642     1
1643     2
1644     11
1645     -3
1646     11
1647     19
1648     -8
1649     -1
1650     -13
1651     7
1652     -19
1653     -10
1654     23
1655     -10
1656     11
1657     16
1658     6
1659     -4
1660     -13
1661     -5
1662     -3
1663     -9
1664     -7
1665     14
1666     6
1667     -12
1668     16
1669     -7
1670     -16
1671     2
1672     -6
1673     2
1674     22
1675     17
1676     -10
1677     8
1678     -1
1679     -14
1680     -17
1681     3
1682     -16
1683     -17
1684     -11
1685     -20
1686     3
1687     -16
1688     -1
1689     0
1690     -13
1691     -15
1692     8
1693     14
1694     -12
1695     -18
1696     -18
1697     1
1698     -5
1699     -9
1700     6
1701     7
1702     -2
1703     -8
1704     5
1705     -11
1706     9
1707     5
1708     -9
1709     -2
1710     -10
1711     6
1712     -4
1713     16
1714     8
1715     2
1716     8
1717     -19
1718     -21
1719     14
1720     6
1721     -15
1722     19
1723     -7
1724     18
1725     11
1726     -7
1727     20
1728     17
1729     -2
1730     -13
1731     7
1732     -6
1733     -4
1734     23
1735     5
1736     -14
1737     -13
1738     -12
1739     4
1740     13
1741     17
1742     -3
1743     12
1744     2
1745     -3
1746     17
1747     8
1748     -5
1749     -22
1750     9
1751     16
1752     -3
1753     -10
1754     -15
1755     -7
1756     -3
1757     19
1758     -9
1759     1
1760     5
1761     -6
1762     -1
1763     -14
1764     -5
1765     -10
1766     -7
1767     -15
1768     -17
1769     -15
1770     -21
1771     13
1772     13
1773     -9
1774     -18
1775     -15
1776     16
1777     -2
1778     -1
1779     -9
1780     -4
1781     -5
1782     -3
1783     13
1784     13
1785     8
1786     9
1787     -12
1788     -8
1789     13
1790     5
1791     2
1792     6
1793     8
1794     -12
1795     -17
1796     15
1797     -11
1798     -1
1799     12
1800     4
1801     13
1802     -11
1803     17
1804     -1
1805     20
1806     9
1807     -17
1808     16
1809     -16
1810     3
1811     14
1812     -17
1813     -11
1814     13
1815     -2
1816     -5
1817     3
1818     -16
1819     21
1820     10
1821     -14
1822     16
1823     11
1824     -13
1825     -18
1826     -12
1827     2
1828     10
1829     -13
1830     16
1831     -1
1832     11
1833     3
1834     -17
1835     16
1836     -12
1837     7
1838     -6
1839     -10
1840     -4
1841     -21
1842     13
1843     -2
1844     -9
1845     1
1846     10
1847     7
1848     -15
1849     -15
1850     -10
1851     -5
1852     8
1853     18
1854     -2
1855     -6
1856     -2
1857     6
1858     21
1859     14
1860     18
1861     0
1862     -10
1863     -15
1864     -1
1865     17
1866     9
1867     6
1868     -5
1869     10
1870     -17
1871     14
1872     -8
1873     -20
1874     -14
1875     0
1876     15
1877     -21
1878     6
1879     -15
1880     -20
1881     -16
1882     3
1883     18
1884     13
1885     1
1886     -19
1887     -1
1888     2
1889     5
1890     -17
1891     -15
1892     -7
1893     -5
1894     16
1895     13
1896     -14
1897     9
1898     9
1899     -5
1900     6
1901     5
1902     1
1903     0
1904     15
1905     8
1906     7
1907     -11
1908     2
1909     -2
1910     14
1911     15
1912     8
1913     -6
1914     9
1915     7
1916     11
1917     22
1918     -4
1919     20
1920     -17
1921     4
1922     -4
1923     -3
1924     18
1925     -12
1926     2
1927     18
1928     13
1929     -1
1930     -5
1931     -17
1932     9
1933     7
1934     -5
1935     -4
1936     -17
1937     -14
1938     16
1939     22
1940     12
1941     20
1942     -21
1943     -16
1944     18
1945     -17
1946     15
1947     18
1948     -12
1949     -5
1950     7
1951     -10
1952     -13
1953     7
1954     -19
1955     -11
1956     -8
1957     -1
1958     16
1959     7
1960     0
1961     0
1962     15
1963     6
1964     0
1965     11
1966     -10
1967     12
1968     11
1969     0
1970     -8
1971     -11
1972     -1
1973     -9
1974     -5
1975     16
1976     11
1977     -19
1978     18
1979     16
1980     5
1981     7
1982     -10
1983     19
1984     -7
1985     -19
1986     -18
1987     -8
1988     -2
1989     -19
1990     1
1991     5
1992     17
1993     -15
1994     -6
1995     4
1996     12
1997     -8
1998     -11
1999     1
2000     -18
2001     -4
2002     -2
2003     15
2004     18
2005     16
2006     1
2007     6
2008     -2
2009     -13
2010     11
2011     15
2012     -6
2013     -6
2014     -7
2015     14
2016     9
2017     13
2018     -5
2019     -12
2020     -3
2021     -11
2022     7
2023     -18
2024     4
2025     11
2026     2
2027     -13
2028     -11
2029     20
2030     5
2031     -18
2032     14
2033     5
2034     -10
2035     -15
2036     -13
2037     18
2038     4
2039     -7
2040     8
2041     10
2042     8
2043     -8
2044     -16
2045     -5
2046     2
2047     3
2048     -3
2049     4
2050     -17
2051     9
2052     18
2053     0
2054     -18
2055     14
2056     19
2057     -6
2058     18
2059     -18
2060     7
2061     13
2062     -17
2063     -9
2064     7
2065     15
2066     17
2067     -15
2068     -17
2069     13
2070     15
2071     -6
2072     -5
2073     15
2074     -20
2075     15
2076     -10
2077     -12
2078     10
2079     -3
2080     -9
2081     2
2082     -9
2083     -20
2084     16
2085     2
2086     8
2087     -11
2088     11
2089     -13
2090     -7
2091     19
2092     -1
2093     11
2094     -15
2095     -15
2096     4
2097     -12
2098     -16
2099     -9
2100     -1
2101     -14
2102     -21
2103     -13
2104     11
2105     18
2106     -1
2107     19
2108     18
2109     3
2110     2
2111     18
2112     11
2113     -6
2114     17
2115     13
2116     -23
2117     -2
2118     4
2119     -12
2120     14
2121     4
2122     19
2123     3
2124     1
2125     -13
2126     1
2127     3
2128     -7
2129     16
2130     13
2131     10
2132     -9
2133     14
2134     -13
2135     11
2136     5
2137     -21
2138     -15
2139     16
2140     -15
2141     -5
2142     22
2143     18
2144     19
2145     -2
2146     16
2147     17
2148     2
2149     -16
2150     17
2151     18
2152     12
2153     9
2154     3
2155     12
2156     -3
2157     -7
2158     7
2159     -4
2160     1
2161     -2
2162     6
2163     2
2164     8
2165     18
2166     -20
2167     3
2168     13
2169     18
2170     20
2171     18
2172     -10
2173     -9
2174     -2
2175     -21
2176     -2
2177     -1
2178     -5
2179     -15
2180     -6
2181     -1
2182     -9
2183     -19
2184     -13
2185     18
2186     18
2187     10
2188     14
2189     -14
2190     -19
2191     -20
2192     -16
2193     11
2194     -7
2195     8
2196     5
2197     2
2198     17
2199     18
2200     3
2201     -17
2202     4
2203     0
2204     -22
2205     -1
