1     -15
2     -18
3     -13
4     -8
5     -2
6     5
7     -9
8     -15
9     11
10     -9
11     -13
12     10
13     -10
14     -5
15     -11
16     -7
17     18
18     11
19     16
20     -4
21     29
22     -9
23     -6
24     1
25     -11
26     18
27     -11
28     -12
29     -13
30     -6
31     3
32     21
33     16
34     18
35     6
36     -8
37     1
38     7
39     15
40     -7
41     -10
42     18
43     -6
44     0
45     -5
46     1
47     6
48     18
49     11
50     16
51     14
52     -1
53     15
54     -9
55     17
56     8
57     -8
58     -3
59     -3
60     5
61     16
62     0
63     -17
64     -21
65     -10
66     -4
67     1
68     2
69     -18
70     -10
71     -12
72     9
73     9
74     -9
75     -15
76     11
77     -4
78     -18
79     -20
80     -7
81     0
82     -17
83     2
84     -15
85     -12
86     1
87     2
88     -2
89     -18
90     -16
91     19
92     -1
93     5
94     0
95     -12
96     9
97     -14
98     -13
99     3
100     19
101     -2
102     18
103     6
104     -4
105     4
106     -11
107     20
108     8
109     -6
110     -22
111     -10
112     9
113     17
114     3
115     -4
116     16
117     -20
118     -4
119     -2
120     1
121     -3
122     -14
123     15
124     4
125     -13
126     13
127     14
128     14
129     9
130     -15
131     8
132     10
133     22
134     10
135     3
136     14
137     -7
138     -18
139     -11
140     6
141     0
142     -21
143     -12
144     17
145     20
146     -3
147     5
148     9
149     -23
150     10
151     3
152     -2
153     15
154     -20
155     -14
156     -21
157     -8
158     8
159     -10
160     7
161     4
162     5
163     5
164     -10
165     -3
166     21
167     0
168     -2
169     -2
170     -16
171     -5
172     -2
173     3
174     6
175     -9
176     -11
177     16
178     -3
179     5
180     17
181     5
182     -14
183     -4
184     -9
185     -18
186     5
187     14
188     -15
189     -10
190     6
191     -8
192     26
193     0
194     -14
195     21
196     -6
197     -9
198     20
199     -13
200     -7
201     -6
202     -4
203     -2
204     -15
205     -21
206     9
207     4
208     -8
209     18
210     0
211     5
212     -3
213     16
214     8
215     -13
216     24
217     4
218     0
219     -14
220     -7
221     16
222     5
223     4
224     -16
225     3
226     -5
227     -3
228     -4
229     11
230     0
231     -5
232     3
233     -13
234     -14
235     -14
236     -15
237     -15
238     22
239     -2
240     -5
241     21
242     22
243     8
244     -11
245     15
246     -25
247     -6
248     22
249     -8
250     0
251     2
252     -18
253     -9
254     8
255     1
256     3
257     4
258     -2
259     0
260     19
261     -17
262     12
263     2
264     -22
265     -5
266     -10
267     -8
268     10
269     14
270     6
271     11
272     -11
273     9
274     21
275     -21
276     11
277     0
278     -22
279     20
280     -5
281     -22
282     1
283     -5
284     12
285     16
286     13
287     9
288     2
289     5
290     2
291     11
292     2
293     4
294     -7
295     -10
296     11
297     -12
298     -21
299     -2
300     -15
301     -6
302     -7
303     8
304     27
305     -13
306     1
307     19
308     18
309     15
310     13
311     -12
312     -7
313     4
314     2
315     -8
316     -11
317     9
318     -17
319     7
320     0
321     -14
322     -15
323     -14
324     22
325     -13
326     -9
327     13
328     10
329     -13
330     -11
331     15
332     -12
333     0
334     5
335     -14
336     5
337     -12
338     -3
339     19
340     -12
341     16
342     -2
343     -5
344     -3
345     0
346     15
347     -20
348     1
349     21
350     5
351     -16
352     9
353     5
354     17
355     14
356     -7
357     -1
358     -8
359     12
360     3
361     8
362     -7
363     -17
364     -15
365     -23
366     -4
367     6
368     10
369     20
370     -9
371     -15
372     -20
373     0
374     -5
375     -26
376     -13
377     -13
378     15
379     10
380     10
381     -5
382     0
383     18
384     1
385     7
386     19
387     12
388     6
389     -14
390     15
391     -4
392     3
393     28
394     -16
395     2
396     -9
397     -9
398     4
399     -6
400     -7
401     -5
402     -13
403     -2
404     -9
405     12
406     11
407     -12
408     7
409     -15
410     -1
411     13
412     -13
413     0
414     -5
415     10
416     9
417     -8
418     7
419     -8
420     -8
421     16
422     -11
423     -11
424     19
425     3
426     -14
427     4
428     2
429     -8
430     12
431     -10
432     10
433     19
434     1
435     -2
436     -7
437     15
438     24
439     -12
440     2
441     -1
442     4
443     2
444     -26
445     -7
446     -17
447     -3
448     4
449     -17
450     -20
451     -14
452     14
453     2
454     -5
455     12
456     20
457     -1
458     -17
459     5
460     -1
461     0
462     2
463     8
464     -10
465     6
466     0
467     4
468     16
469     14
470     -15
471     8
472     6
473     -10
474     5
475     -11
476     -15
477     -13
478     16
479     -17
480     3
481     4
482     5
483     -9
484     2
485     20
486     -17
487     -7
488     15
489     19
490     18
491     4
492     0
493     13
494     -15
495     -11
496     -1
497     12
498     6
499     -5
500     -13
501     -14
502     -1
503     8
504     10
505     -11
506     -17
507     11
508     28
509     -7
510     -19
511     8
512     0
513     -4
514     -17
515     -2
516     11
517     -14
518     -5
519     -17
520     -2
521     19
522     -17
523     6
524     12
525     7
526     18
527     19
528     15
529     -12
530     -14
531     3
532     8
533     -19
534     5
535     5
536     -15
537     -3
538     0
539     10
540     -5
541     4
542     15
543     -2
544     -5
545     -8
546     4
547     -12
548     -25
549     1
550     7
551     -10
552     -7
553     -3
554     -9
555     13
556     -9
557     7
558     15
559     -15
560     3
561     -13
562     8
563     20
564     14
565     -7
566     10
567     3
568     -14
569     14
570     11
571     3
572     -4
573     -12
574     -5
575     20
576     10
577     -15
578     0
579     -6
580     13
581     6
582     -19
583     4
584     15
585     4
586     -17
587     11
588     -6
589     12
590     -1
591     -27
592     14
593     -10
594     -2
595     1
596     9
597     25
598     -5
599     -9
600     -15
601     -19
602     -4
603     -10
604     -8
605     6
606     -10
607     8
608     0
609     5
610     26
611     -9
612     -1
613     -14
614     0
615     22
616     21
617     -10
618     -16
619     19
620     23
621     -2
622     6
623     11
624     1
625     -11
626     -6
627     19
628     7
629     11
630     -13
631     -1
632     1
633     -2
634     1
635     -6
636     9
637     17
638     -1
639     -2
640     -8
641     -4
642     22
643     4
644     7
645     0
646     -8
647     -3
648     -4
649     -9
650     0
651     10
652     -8
653     5
654     -8
655     -19
656     7
657     14
658     16
659     18
660     10
661     15
662     -9
663     -25
664     14
665     -2
666     -24
667     -3
668     -11
669     9
670     5
671     -12
672     3
673     5
674     4
675     12
676     20
677     8
678     19
679     -10
680     1
681     4
682     -20
683     4
684     14
685     15
686     6
687     18
688     -12
689     -13
690     -2
691     -18
692     19
693     -12
694     -4
695     3
696     -20
697     10
698     16
699     -12
700     2
701     -5
702     -24
703     9
704     3
705     -4
706     4
707     -8
708     -2
709     10
710     -15
711     11
712     13
713     -8
714     15
715     -7
716     -15
717     -10
718     7
719     10
720     -20
721     -1
722     9
723     10
724     2
725     -12
726     13
727     -6
728     -8
729     -12
730     -13
731     -13
732     2
733     5
734     -18
735     0
736     -5
737     18
738     -2
739     -7
740     -1
741     14
742     0
743     -30
744     13
745     7
746     14
747     -5
748     -6
749     -1
750     -15
751     4
752     0
753     15
754     13
755     12
756     3
757     3
758     -1
759     -15
760     8
761     22
762     -9
763     -23
764     2
765     9
766     -3
767     13
768     -7
769     -3
770     22
771     7
772     -20
773     9
774     13
775     -5
776     -9
777     -18
778     8
779     -9
780     -2
781     -16
782     -7
783     12
784     -14
785     -12
786     3
787     8
788     15
789     16
790     21
791     -8
792     -18
793     -5
794     -9
795     -11
796     0
797     6
798     -18
799     4
800     13
801     15
802     -7
803     0
804     18
805     -15
806     -6
807     3
808     -12
809     -6
810     -11
811     -4
812     5
813     3
814     9
815     -11
816     -2
817     7
818     -4
819     -8
820     -12
821     -23
822     14
823     -4
824     11
825     -3
826     -8
827     18
828     -13
829     5
830     -7
831     -17
832     4
833     7
834     -12
835     -6
836     -3
837     -8
838     -13
839     -6
840     -3
841     -3
842     16
843     10
844     13
845     16
846     16
847     22
848     -12
849     -22
850     -17
851     -8
852     11
853     12
854     17
855     20
856     -14
857     1
858     23
859     21
860     5
861     -10
862     -13
863     -7
864     -4
865     -3
866     16
867     18
868     11
869     -12
870     5
871     17
872     -3
873     -12
874     11
875     6
876     4
877     10
878     -19
879     -4
880     -12
881     -2
882     11
883     -18
884     4
885     14
886     -9
887     -23
888     14
889     -10
890     0
891     3
892     -15
893     -11
894     4
895     -4
896     1
897     18
898     0
899     12
900     -4
901     15
902     19
903     10
904     -3
905     -7
906     -12
907     15
908     -6
909     8
910     28
911     -5
912     20
913     -12
914     -2
915     19
916     -17
917     -16
918     2
919     -4
920     -7
921     18
922     5
923     14
924     21
925     -4
926     -16
927     -23
928     11
929     9
930     1
931     -16
932     12
933     -7
934     -11
935     -9
936     -26
937     -12
938     -10
939     24
940     -4
941     6
942     15
943     1
944     3
945     11
946     18
947     -1
948     -15
949     -13
950     9
951     -15
952     -9
953     -13
954     7
955     -4
956     -29
957     20
958     -8
959     -5
960     -7
961     -12
962     20
963     14
964     9
965     -13
966     -12
967     -9
968     -20
969     6
970     2
971     -19
972     -19
973     -9
974     17
975     -6
976     9
977     28
978     -19
979     14
980     -2
981     -1
982     25
983     -7
984     -3
985     9
986     8
987     4
988     0
989     9
990     2
991     13
992     1
993     -8
994     22
995     -5
996     -18
997     6
998     -3
999     -18
1000     -9
1001     -1
1002     13
1003     7
1004     4
1005     16
1006     -3
1007     2
1008     13
1009     -14
1010     -9
1011     0
1012     -19
1013     -15
1014     -8
1015     -13
1016     -20
1017     7
1018     15
1019     -14
1020     13
1021     3
1022     1
1023     11
1024     10
1025     15
1026     19
1027     1
1028     12
1029     19
1030     -3
1031     -9
1032     -21
1033     3
1034     17
1035     8
1036     -6
1037     -7
1038     16
1039     21
1040     9
1041     8
1042     -16
1043     4
1044     17
1045     11
1046     -7
1047     5
1048     -10
1049     -23
1050     -14
1051     -8
1052     14
1053     -4
1054     15
1055     -11
1056     -9
1057     -3
1058     -16
1059     -19
1060     -1
1061     -3
1062     0
1063     16
1064     -7
1065     -4
1066     -18
1067     -17
1068     -10
1069     -3
1070     -16
1071     3
1072     15
1073     16
1074     6
1075     0
1076     19
1077     15
1078     7
1079     7
1080     -12
1081     -10
1082     17
1083     20
1084     12
1085     -9
1086     17
1087     0
1088     -2
1089     18
1090     -4
1091     12
1092     3
1093     11
1094     -11
1095     -6
1096     14
1097     10
1098     23
1099     -3
1100     -5
1101     -17
1102     3
1103     -7
1104     12
1105     10
1106     -13
1107     -7
1108     -10
1109     23
1110     -17
1111     1
1112     7
1113     -7
1114     -12
1115     -20
1116     1
1117     -13
1118     0
1119     18
1120     3
1121     -15
1122     12
1123     -8
1124     1
1125     -6
1126     13
1127     -5
1128     -6
1129     25
1130     7
1131     20
1132     -18
1133     -2
1134     10
1135     11
1136     -7
1137     -20
1138     -7
1139     9
1140     -8
1141     9
1142     7
1143     -21
1144     -3
1145     -16
1146     -13
1147     -2
1148     10
1149     12
1150     16
1151     -16
1152     4
1153     23
1154     -2
1155     -5
1156     0
1157     -14
1158     -18
1159     -10
1160     -9
1161     21
1162     -5
1163     -2
1164     11
1165     -1
1166     -1
1167     -11
1168     -2
1169     2
1170     -4
1171     -14
1172     18
1173     -7
1174     2
1175     15
1176     -18
1177     -12
1178     -20
1179     14
1180     3
1181     -3
1182     -16
1183     10
1184     -1
1185     -26
1186     7
1187     -18
1188     -3
1189     -5
1190     -6
1191     20
1192     6
1193     -8
1194     1
1195     -3
1196     12
1197     12
1198     -5
1199     -16
1200     12
1201     -8
1202     -10
1203     5
1204     11
1205     3
1206     6
1207     -1
1208     3
1209     -8
1210     -19
1211     -17
1212     1
1213     -5
1214     -32
1215     16
1216     -9
1217     13
1218     -4
1219     -8
1220     -10
1221     -21
1222     -2
1223     -16
1224     15
1225     1
1226     3
1227     -10
1228     -7
1229     16
1230     -17
1231     12
1232     9
1233     -12
1234     3
1235     -5
1236     10
1237     -2
1238     -8
1239     -5
1240     10
1241     11
1242     18
1243     -6
1244     -18
1245     -18
1246     7
1247     11
1248     12
1249     7
1250     -30
1251     18
1252     -12
1253     -25
1254     -15
1255     -5
1256     -2
1257     -12
1258     2
1259     -7
1260     -3
1261     17
1262     13
1263     -13
1264     -3
1265     3
1266     -20
1267     8
1268     24
1269     -2
1270     -5
1271     -5
1272     -13
1273     2
1274     9
1275     16
1276     1
1277     -17
1278     12
1279     2
1280     11
1281     -3
1282     -4
1283     15
1284     9
1285     17
1286     4
1287     5
1288     22
1289     -3
1290     -21
1291     12
1292     -1
1293     -21
1294     1
1295     13
1296     6
1297     14
1298     -8
1299     7
1300     23
1301     -5
1302     8
1303     15
1304     7
1305     -3
1306     6
1307     -11
1308     -23
1309     16
1310     -8
1311     -14
1312     -9
1313     12
1314     25
1315     -1
1316     4
1317     9
1318     -14
1319     -11
1320     19
1321     0
1322     -23
1323     5
1324     20
1325     -15
1326     -1
1327     -10
1328     -21
1329     -3
1330     -15
1331     10
1332     25
1333     -14
1334     -4
1335     14
1336     7
1337     12
1338     1
1339     -15
1340     6
1341     10
1342     15
1343     22
1344     -8
1345     -14
1346     -13
1347     -10
1348     3
1349     4
1350     -7
1351     -4
1352     13
1353     14
1354     -15
1355     12
1356     -8
1357     3
1358     0
1359     -15
1360     4
1361     -14
1362     11
1363     6
1364     -16
1365     12
1366     5
1367     -19
1368     6
1369     3
1370     -11
1371     -20
1372     -14
1373     15
1374     17
1375     21
1376     -5
1377     -10
1378     -1
1379     -9
1380     -10
1381     -9
1382     7
1383     -14
1384     12
1385     16
1386     20
1387     -13
1388     6
1389     14
1390     -16
1391     7
1392     -1
1393     9
1394     -8
1395     0
1396     8
1397     -9
1398     -14
1399     5
1400     11
1401     8
1402     3
1403     -10
1404     2
1405     -8
1406     -17
1407     -22
1408     13
1409     14
1410     -8
1411     18
1412     -5
1413     11
1414     23
1415     14
1416     18
1417     15
1418     -1
1419     -10
1420     3
1421     -9
1422     14
1423     22
1424     22
1425     2
1426     -5
1427     -3
1428     0
1429     -10
1430     -17
1431     -4
1432     17
1433     11
1434     17
1435     7
1436     -9
1437     17
1438     -8
1439     8
1440     9
1441     -4
1442     8
1443     16
1444     2
1445     11
1446     -5
1447     -9
1448     25
1449     -7
1450     -17
1451     1
1452     -12
1453     -1
1454     -18
1455     7
1456     21
1457     -19
1458     -3
1459     8
1460     2
1461     -3
1462     5
1463     -6
1464     11
1465     15
1466     13
1467     15
1468     14
1469     -4
1470     -16
1471     -2
1472     7
1473     6
1474     -15
1475     3
1476     5
1477     18
1478     -9
1479     -12
1480     19
1481     -3
1482     1
1483     -20
1484     -21
1485     -14
1486     -25
1487     12
1488     1
1489     -4
1490     -11
1491     -2
1492     6
1493     -4
1494     16
1495     18
1496     -12
1497     -15
1498     22
1499     0
1500     16
1501     6
1502     -4
1503     13
1504     6
1505     21
1506     -5
1507     1
1508     14
1509     11
1510     -8
1511     -19
1512     6
1513     -2
1514     -8
1515     -20
1516     17
1517     -9
1518     4
1519     21
1520     3
1521     27
1522     -17
1523     13
1524     -1
1525     -6
1526     -3
1527     3
1528     8
1529     -19
1530     -10
1531     4
1532     12
1533     -1
1534     10
1535     -1
1536     1
1537     -2
1538     1
1539     -9
1540     -20
1541     9
1542     -11
1543     -6
1544     -10
1545     -10
1546     -15
1547     -17
1548     7
1549     -8
1550     -5
1551     14
1552     18
1553     2
1554     14
1555     6
1556     11
1557     19
1558     -3
1559     18
1560     -6
1561     -13
1562     11
1563     -19
1564     9
1565     0
1566     -10
1567     24
1568     -3
1569     -19
1570     -7
1571     13
1572     -11
1573     1
1574     23
1575     -5
1576     1
1577     -1
1578     1
1579     -3
1580     -5
1581     -12
1582     -15
1583     -15
1584     -21
1585     20
1586     -10
1587     -25
1588     15
1589     -3
1590     -3
1591     4
1592     7
1593     -7
1594     -16
1595     -8
1596     8
1597     11
1598     -5
1599     -7
1600     -10
1601     5
1602     19
1603     -9
1604     -24
1605     -11
1606     -2
1607     -15
1608     -4
1609     22
1610     -3
1611     -17
1612     10
1613     -1
1614     -22
1615     3
1616     -14
1617     -10
1618     21
1619     10
1620     -16
1621     -2
1622     8
1623     -16
1624     -1
1625     11
1626     8
1627     15
1628     -2
1629     -10
1630     -17
1631     -8
1632     8
1633     14
1634     -7
1635     -9
1636     6
1637     11
1638     -9
1639     -18
1640     7
1641     14
1642     30
1643     -15
1644     10
1645     7
1646     -15
1647     4
1648     -21
1649     8
1650     -6
1651     -6
1652     -1
1653     13
1654     18
1655     9
1656     24
1657     -3
1658     -19
1659     -7
1660     4
1661     -21
1662     -1
1663     8
1664     12
1665     -7
1666     -3
1667     21
1668     13
1669     5
1670     -18
1671     -3
1672     -17
1673     11
1674     5
1675     13
1676     14
1677     -5
1678     -3
1679     -10
1680     1
1681     -19
1682     -13
1683     0
1684     -1
1685     -17
1686     5
1687     0
1688     -22
1689     -15
1690     -12
1691     -10
1692     7
1693     -7
1694     -18
1695     14
1696     -11
1697     -24
1698     9
1699     16
1700     2
1701     -6
1702     3
1703     -3
1704     16
1705     -12
1706     4
1707     8
1708     4
1709     29
1710     -4
1711     -16
1712     -10
1713     7
1714     18
1715     1
1716     -21
1717     -11
1718     17
1719     -5
1720     -2
1721     20
1722     -7
1723     -16
1724     -6
1725     9
1726     6
1727     5
1728     -14
1729     -21
1730     12
1731     23
1732     -1
1733     14
1734     4
1735     -21
1736     8
1737     -9
1738     -4
1739     -3
1740     13
1741     19
1742     18
1743     8
1744     8
1745     -2
1746     3
1747     11
1748     -23
1749     -1
1750     7
1751     4
1752     0
1753     3
1754     16
1755     -8
1756     -19
1757     14
1758     10
1759     15
1760     11
1761     11
1762     21
1763     3
1764     17
1765     11
1766     -6
1767     8
1768     -15
1769     -3
1770     -5
1771     2
1772     25
1773     -2
1774     -1
1775     6
1776     12
1777     -5
1778     -26
1779     1
1780     -8
1781     -12
1782     13
1783     20
1784     11
1785     -11
1786     14
1787     6
1788     8
1789     18
1790     18
1791     -14
1792     0
1793     -7
1794     -10
1795     -6
1796     -7
1797     1
1798     -3
1799     19
1800     10
1801     11
1802     -18
1803     8
1804     11
1805     -8
1806     14
1807     -3
1808     -1
1809     4
1810     -3
1811     2
1812     -10
1813     -8
1814     -4
1815     -15
1816     -14
1817     -9
1818     -12
1819     -13
1820     2
1821     3
1822     -10
1823     1
1824     4
1825     -1
1826     -11
1827     -7
1828     -6
1829     -14
1830     -5
1831     14
1832     25
1833     -8
1834     -18
1835     -13
1836     -22
1837     1
1838     7
1839     7
1840     -1
1841     12
1842     1
1843     17
1844     -6
1845     6
1846     25
1847     -22
1848     16
1849     -3
1850     -1
1851     -2
1852     0
1853     3
1854     1
1855     -3
1856     3
1857     16
1858     0
1859     -6
1860     -6
1861     3
1862     7
1863     19
1864     20
1865     14
1866     -7
1867     3
1868     14
1869     0
1870     3
1871     17
1872     -2
1873     1
1874     22
1875     7
1876     17
1877     -10
1878     -5
1879     -12
1880     2
1881     -2
1882     -14
1883     17
1884     -2
1885     12
1886     -8
1887     -2
1888     3
1889     10
1890     11
1891     3
1892     -4
1893     -21
1894     -12
1895     -7
1896     7
1897     6
1898     1
1899     -17
1900     -16
1901     15
1902     -11
1903     2
1904     12
1905     4
1906     10
1907     -2
1908     -16
1909     -20
1910     -2
1911     -11
1912     4
1913     -11
1914     -4
1915     5
1916     -18
1917     -1
1918     7
1919     7
1920     -2
1921     -21
1922     -8
1923     13
1924     14
1925     16
1926     -7
1927     0
1928     0
1929     11
1930     4
1931     12
1932     3
1933     -7
1934     8
1935     11
1936     1
1937     -12
1938     12
1939     11
1940     19
1941     -4
1942     7
1943     16
1944     -1
1945     13
1946     12
1947     -5
1948     -15
1949     14
1950     15
1951     2
1952     -4
1953     7
1954     -2
1955     10
1956     4
1957     -4
1958     16
1959     10
1960     -10
1961     -12
1962     -18
1963     -24
1964     3
1965     -5
1966     18
1967     -7
1968     -25
1969     5
1970     11
1971     17
1972     0
1973     -14
1974     -26
1975     -1
1976     -13
1977     7
1978     29
1979     -8
1980     5
1981     -6
1982     7
1983     9
1984     -26
1985     13
1986     3
1987     -19
1988     1
1989     -18
1990     12
1991     -1
1992     -6
1993     -5
1994     -23
1995     10
1996     -14
1997     0
1998     18
1999     15
2000     0
2001     -14
2002     12
2003     18
2004     -15
2005     -15
2006     -9
2007     6
2008     -12
2009     0
2010     20
2011     -22
2012     1
2013     -15
2014     9
2015     21
2016     11
2017     20
2018     -2
2019     4
2020     -8
2021     -5
2022     -6
2023     -5
2024     2
2025     4
2026     -12
2027     -8
2028     6
2029     -8
2030     12
2031     9
2032     4
2033     -4
2034     -10
2035     6
2036     15
2037     -10
2038     -18
2039     12
2040     -12
2041     -7
2042     3
2043     -1
2044     6
2045     8
2046     14
2047     -15
2048     -4
2049     16
2050     -3
2051     18
2052     0
2053     -27
2054     10
2055     -9
2056     -16
2057     18
2058     -10
2059     -1
2060     19
2061     9
2062     5
2063     -10
2064     13
2065     14
2066     10
2067     -16
2068     7
2069     -2
2070     -18
2071     -1
2072     1
2073     -9
2074     -31
2075     20
2076     -11
2077     -23
2078     2
2079     5
2080     16
2081     -11
2082     9
2083     -14
2084     4
2085     1
2086     -5
2087     15
2088     0
2089     3
2090     -10
2091     6
2092     -7
2093     -1
2094     14
2095     20
2096     17
2097     17
2098     -11
2099     -27
2100     13
2101     -4
2102     -16
2103     -17
2104     10
2105     4
2106     -24
2107     -7
2108     -8
2109     -16
2110     12
2111     -9
2112     0
2113     26
2114     -14
2115     8
2116     5
2117     -5
2118     10
2119     22
2120     0
2121     -13
2122     12
2123     -18
2124     5
2125     -11
2126     -10
2127     23
2128     9
2129     17
2130     -13
2131     -2
2132     -2
2133     -15
2134     2
2135     -5
2136     6
2137     22
2138     -17
2139     7
2140     16
2141     -13
2142     17
2143     3
2144     -17
2145     -17
2146     -1
2147     19
2148     7
2149     8
2150     16
2151     12
2152     17
2153     19
2154     15
2155     -8
2156     -22
2157     8
2158     -16
2159     -17
2160     0
2161     5
2162     -7
2163     -27
2164     10
2165     -12
2166     -17
2167     -18
2168     6
2169     11
2170     -11
2171     -11
2172     13
2173     8
2174     -25
2175     5
2176     -1
2177     -12
2178     4
2179     19
2180     20
2181     6
2182     -7
2183     7
2184     14
2185     -18
2186     8
2187     1
2188     -4
2189     17
2190     -10
2191     7
2192     2
2193     9
2194     4
2195     1
2196     -11
2197     -1
2198     24
2199     -8
2200     -24
2201     10
2202     2
2203     0
2204     22
2205     4
