1     12
2     3
3     20
4     -5
5     -21
6     7
7     8
8     -14
9     -3
10     -4
11     21
12     14
13     5
14     -14
15     -18
16     13
17     19
18     15
19     5
20     6
21     1
22     -5
23     8
24     10
25     16
26     -22
27     0
28     6
29     -22
30     18
31     7
32     -13
33     -10
34     -4
35     7
36     6
37     13
38     8
39     -15
40     -10
41     7
42     16
43     -4
44     -1
45     20
46     9
47     7
48     1
49     0
50     12
51     -18
52     -6
53     16
54     -7
55     11
56     15
57     -4
58     12
59     10
60     -8
61     -2
62     -7
63     -6
64     -11
65     -14
66     -21
67     1
68     16
69     -8
70     -4
71     14
72     25
73     12
74     -17
75     -16
76     16
77     2
78     -5
79     27
80     4
81     3
82     21
83     6
84     -19
85     -12
86     15
87     8
88     7
89     3
90     -2
91     17
92     2
93     -26
94     -3
95     -1
96     -17
97     3
98     13
99     10
100     -1
101     -4
102     8
103     10
104     -23
105     -10
106     8
107     6
108     -2
109     -19
110     5
111     20
112     3
113     6
114     8
115     16
116     -7
117     -11
118     4
119     -5
120     0
121     -25
122     -7
123     17
124     13
125     -7
126     -9
127     -1
128     -11
129     -11
130     -1
131     8
132     14
133     -7
134     -7
135     -6
136     -9
137     3
138     23
139     -2
140     -9
141     -14
142     -7
143     9
144     -8
145     18
146     -3
147     -16
148     -7
149     26
150     11
151     -2
152     20
153     1
154     12
155     -6
156     0
157     9
158     -15
159     15
160     9
161     -7
162     5
163     10
164     1
165     -6
166     -7
167     5
168     -14
169     -15
170     0
171     5
172     2
173     -4
174     -6
175     -1
176     8
177     3
178     17
179     2
180     11
181     12
182     -1
183     -12
184     -15
185     -10
186     -5
187     -3
188     -21
189     -10
190     7
191     10
192     10
193     -3
194     -6
195     13
196     -10
197     -4
198     -5
199     -1
200     11
201     -5
202     1
203     -3
204     -10
205     -14
206     -14
207     18
208     9
209     3
210     2
211     -7
212     7
213     -2
214     -16
215     0
216     2
217     -6
218     6
219     7
220     8
221     5
222     23
223     5
224     4
225     13
226     -19
227     -11
228     -9
229     11
230     -7
231     -10
232     16
233     -15
234     -14
235     -21
236     15
237     5
238     9
239     9
240     -23
241     10
242     -12
243     0
244     -3
245     -21
246     -11
247     6
248     9
249     14
250     10
251     7
252     -6
253     -4
254     16
255     7
256     -8
257     -8
258     -1
259     -4
260     25
261     13
262     -19
263     -6
264     11
265     -13
266     -9
267     0
268     -9
269     -17
270     2
271     6
272     -29
273     3
274     4
275     -15
276     10
277     17
278     5
279     -13
280     5
281     14
282     18
283     20
284     -7
285     -12
286     15
287     9
288     -12
289     -14
290     25
291     -16
292     -5
293     9
294     6
295     11
296     -10
297     14
298     13
299     -6
300     0
301     7
302     -1
303     -4
304     -5
305     8
306     0
307     8
308     -6
309     6
310     -16
311     1
312     6
313     7
314     -2
315     7
316     10
317     -15
318     -5
319     -3
320     0
321     -19
322     3
323     1
324     -10
325     -4
326     12
327     -3
328     -12
329     -4
330     11
331     18
332     14
333     -10
334     -14
335     10
336     -17
337     -14
338     2
339     -5
340     -7
341     -2
342     13
343     -1
344     -14
345     0
346     6
347     -16
348     -8
349     -2
350     -9
351     24
352     -10
353     -13
354     18
355     16
356     -2
357     -27
358     0
359     15
360     -18
361     -6
362     3
363     -23
364     -4
365     18
366     7
367     20
368     2
369     -16
370     8
371     15
372     1
373     -21
374     -10
375     -4
376     -19
377     -10
378     -1
379     -5
380     -7
381     -21
382     -10
383     -8
384     -5
385     6
386     -21
387     -2
388     22
389     1
390     3
391     13
392     8
393     25
394     10
395     6
396     20
397     19
398     8
399     -17
400     5
401     10
402     -10
403     -16
404     7
405     15
406     23
407     10
408     -3
409     -16
410     2
411     -3
412     -17
413     -5
414     -21
415     5
416     9
417     13
418     10
419     -3
420     -3
421     -15
422     -3
423     -11
424     14
425     7
426     -6
427     19
428     16
429     15
430     -6
431     -19
432     5
433     13
434     18
435     6
436     2
437     8
438     -2
439     6
440     -14
441     -13
442     -1
443     17
444     4
445     12
446     12
447     15
448     5
449     -5
450     -2
451     15
452     3
453     -13
454     26
455     -5
456     -4
457     11
458     -1
459     -11
460     2
461     11
462     -12
463     -5
464     -16
465     -5
466     11
467     20
468     -16
469     -3
470     11
471     -13
472     -11
473     -12
474     14
475     -20
476     4
477     13
478     6
479     -3
480     -15
481     13
482     -11
483     13
484     5
485     -23
486     -11
487     8
488     8
489     2
490     2
491     10
492     14
493     -7
494     10
495     17
496     19
497     -8
498     -8
499     -11
500     -13
501     -8
502     -23
503     -12
504     -16
505     0
506     -3
507     -26
508     -9
509     6
510     -2
511     -4
512     17
513     15
514     2
515     -22
516     6
517     2
518     -11
519     24
520     5
521     -17
522     -6
523     17
524     22
525     9
526     -7
527     9
528     9
529     -12
530     -11
531     -13
532     -4
533     29
534     6
535     7
536     4
537     19
538     3
539     -5
540     13
541     -1
542     22
543     -11
544     -3
545     7
546     -7
547     -22
548     5
549     10
550     -8
551     -11
552     -10
553     26
554     -1
555     -18
556     -4
557     -13
558     -8
559     -16
560     -5
561     5
562     -1
563     -9
564     -9
565     2
566     7
567     20
568     -2
569     2
570     8
571     -13
572     -11
573     -19
574     -5
575     7
576     -13
577     1
578     26
579     -4
580     -14
581     4
582     -6
583     -3
584     3
585     2
586     -26
587     3
588     10
589     -16
590     -2
591     14
592     -5
593     1
594     12
595     11
596     10
597     -18
598     -15
599     -16
600     -20
601     -10
602     28
603     -2
604     -14
605     11
606     -8
607     -18
608     -13
609     10
610     -7
611     -8
612     -3
613     3
614     8
615     -19
616     8
617     13
618     -4
619     30
620     8
621     9
622     -2
623     -9
624     10
625     -11
626     10
627     18
628     7
629     -4
630     4
631     20
632     7
633     -6
634     0
635     20
636     8
637     6
638     7
639     -19
640     4
641     17
642     -12
643     19
644     3
645     2
646     11
647     -8
648     10
649     -6
650     26
651     4
652     3
653     1
654     -20
655     -12
656     -10
657     -2
658     -11
659     4
660     -15
661     1
662     3
663     -16
664     5
665     6
666     14
667     10
668     12
669     -12
670     -9
671     19
672     13
673     21
674     -1
675     2
676     11
677     -1
678     -11
679     -14
680     -7
681     -13
682     -8
683     22
684     -2
685     -5
686     15
687     -13
688     -18
689     -14
690     -18
691     -10
692     -9
693     7
694     12
695     -6
696     28
697     5
698     -1
699     7
700     -21
701     -4
702     14
703     -26
704     -1
705     8
706     -20
707     -5
708     -3
709     1
710     -5
711     -15
712     -7
713     15
714     -25
715     0
716     3
717     -2
718     5
719     5
720     7
721     -20
722     16
723     -3
724     -3
725     5
726     4
727     -12
728     -6
729     -1
730     -13
731     18
732     10
733     10
734     -11
735     15
736     11
737     -8
738     -8
739     1
740     11
741     -23
742     14
743     -1
744     -16
745     13
746     15
747     17
748     13
749     -7
750     -6
751     24
752     15
753     14
754     -4
755     1
756     5
757     -3
758     9
759     -8
760     9
761     18
762     13
763     17
764     -10
765     -13
766     -12
767     -15
768     8
769     -19
770     -15
771     -22
772     -2
773     17
774     -8
775     -2
776     11
777     9
778     -19
779     -8
780     -24
781     -5
782     3
783     -7
784     21
785     -9
786     -10
787     -4
788     15
789     3
790     -8
791     -3
792     -15
793     5
794     -12
795     2
796     -17
797     14
798     3
799     -19
800     -11
801     -11
802     -21
803     -1
804     6
805     -4
806     18
807     -10
808     -20
809     3
810     1
811     -1
812     10
813     -24
814     -22
815     4
816     -5
817     5
818     8
819     -3
820     13
821     1
822     3
823     -11
824     -21
825     -8
826     11
827     11
828     -1
829     -19
830     -4
831     -19
832     4
833     -9
834     6
835     6
836     -7
837     7
838     -17
839     10
840     -18
841     3
842     2
843     -14
844     6
845     24
846     13
847     -10
848     0
849     -31
850     7
851     4
852     -13
853     9
854     -13
855     -6
856     -10
857     -12
858     5
859     15
860     11
861     -4
862     -19
863     -8
864     -24
865     12
866     10
867     1
868     7
869     -2
870     -8
871     -14
872     10
873     -15
874     -8
875     8
876     1
877     -20
878     -6
879     17
880     -11
881     4
882     8
883     7
884     12
885     -20
886     5
887     13
888     3
889     -19
890     -8
891     -1
892     -25
893     -16
894     -2
895     5
896     -12
897     3
898     -3
899     11
900     -16
901     -2
902     13
903     10
904     10
905     -8
906     15
907     -7
908     2
909     -7
910     1
911     -19
912     -8
913     22
914     8
915     15
916     -15
917     4
918     12
919     -29
920     -4
921     16
922     1
923     -10
924     -12
925     7
926     5
927     15
928     10
929     -11
930     -3
931     5
932     -1
933     -6
934     -3
935     0
936     2
937     -21
938     -7
939     3
940     8
941     -16
942     -4
943     -4
944     0
945     -8
946     -11
947     -4
948     -11
949     16
950     -13
951     -13
952     5
953     6
954     -13
955     -11
956     3
957     -6
958     -7
959     15
960     10
961     23
962     3
963     -11
964     27
965     -6
966     -14
967     8
968     8
969     6
970     0
971     3
972     -12
973     -8
974     1
975     3
976     -12
977     -9
978     26
979     2
980     -19
981     -20
982     -9
983     24
984     5
985     0
986     14
987     -8
988     4
989     -5
990     7
991     16
992     -4
993     6
994     12
995     10
996     3
997     18
998     17
999     14
1000     14
1001     -3
1002     -2
1003     11
1004     -13
1005     -10
1006     7
1007     6
1008     12
1009     17
1010     12
1011     -8
1012     -4
1013     -28
1014     4
1015     9
1016     -19
1017     -3
1018     -16
1019     3
1020     11
1021     -3
1022     2
1023     25
1024     -3
1025     -8
1026     5
1027     -13
1028     7
1029     14
1030     9
1031     2
1032     0
1033     2
1034     -23
1035     -13
1036     -1
1037     17
1038     6
1039     -23
1040     -11
1041     0
1042     10
1043     -5
1044     13
1045     2
1046     -5
1047     1
1048     -11
1049     3
1050     2
1051     -22
1052     -3
1053     13
1054     -9
1055     2
1056     20
1057     8
1058     -4
1059     16
1060     1
1061     24
1062     8
1063     -12
1064     -12
1065     -6
1066     -3
1067     -10
1068     11
1069     -17
1070     -18
1071     -19
1072     18
1073     3
1074     2
1075     17
1076     -14
1077     -19
1078     -17
1079     0
1080     -11
1081     25
1082     6
1083     17
1084     -3
1085     3
1086     6
1087     6
1088     5
1089     -8
1090     9
1091     -9
1092     20
1093     -12
1094     13
1095     8
1096     20
1097     0
1098     -17
1099     17
1100     -2
1101     -16
1102     1
1103     6
1104     -23
1105     -8
1106     13
1107     4
1108     10
1109     -6
1110     -10
1111     16
1112     -25
1113     4
1114     5
1115     -8
1116     15
1117     -19
1118     -16
1119     3
1120     5
1121     9
1122     -4
1123     -15
1124     -8
1125     -12
1126     4
1127     -7
1128     -2
1129     10
1130     12
1131     -4
1132     9
1133     15
1134     -26
1135     -11
1136     -18
1137     -8
1138     25
1139     1
1140     -10
1141     -9
1142     -3
1143     -9
1144     -12
1145     1
1146     -1
1147     -8
1148     1
1149     16
1150     -9
1151     -16
1152     -9
1153     -8
1154     13
1155     -7
1156     22
1157     2
1158     -5
1159     17
1160     -8
1161     -5
1162     12
1163     7
1164     -17
1165     1
1166     -6
1167     24
1168     -3
1169     -8
1170     22
1171     22
1172     0
1173     -9
1174     0
1175     -17
1176     17
1177     -8
1178     -21
1179     -4
1180     -11
1181     -10
1182     5
1183     -15
1184     -5
1185     -2
1186     -14
1187     22
1188     9
1189     6
1190     18
1191     -13
1192     -1
1193     -4
1194     -13
1195     7
1196     17
1197     2
1198     -6
1199     -1
1200     -8
1201     -22
1202     -2
1203     2
1204     -18
1205     -14
1206     -15
1207     -7
1208     -1
1209     4
1210     9
1211     -11
1212     7
1213     8
1214     -16
1215     29
1216     -13
1217     -2
1218     6
1219     -7
1220     7
1221     -27
1222     0
1223     7
1224     -18
1225     3
1226     -5
1227     -4
1228     19
1229     3
1230     -4
1231     -16
1232     13
1233     10
1234     -14
1235     2
1236     16
1237     19
1238     -1
1239     -21
1240     5
1241     5
1242     19
1243     3
1244     -6
1245     6
1246     20
1247     8
1248     -13
1249     -18
1250     6
1251     -2
1252     0
1253     10
1254     -7
1255     2
1256     -8
1257     23
1258     2
1259     -9
1260     -12
1261     -16
1262     18
1263     0
1264     -1
1265     14
1266     -14
1267     0
1268     -17
1269     3
1270     13
1271     -12
1272     7
1273     -16
1274     -9
1275     8
1276     -30
1277     4
1278     -4
1279     -7
1280     13
1281     5
1282     17
1283     -24
1284     7
1285     -1
1286     -11
1287     31
1288     -2
1289     -3
1290     -10
1291     -9
1292     15
1293     0
1294     -21
1295     6
1296     6
1297     -12
1298     -5
1299     2
1300     15
1301     0
1302     13
1303     -5
1304     5
1305     11
1306     -7
1307     -13
1308     10
1309     5
1310     -10
1311     21
1312     -24
1313     3
1314     -2
1315     -7
1316     15
1317     3
1318     5
1319     4
1320     18
1321     8
1322     20
1323     11
1324     -4
1325     16
1326     6
1327     -22
1328     2
1329     16
1330     -9
1331     -7
1332     8
1333     13
1334     5
1335     -3
1336     -5
1337     -8
1338     2
1339     11
1340     0
1341     -4
1342     8
1343     4
1344     -5
1345     -5
1346     -7
1347     -12
1348     -3
1349     -14
1350     17
1351     5
1352     8
1353     3
1354     -8
1355     21
1356     -14
1357     22
1358     5
1359     -2
1360     8
1361     -5
1362     0
1363     9
1364     9
1365     -9
1366     1
1367     -5
1368     -3
1369     -4
1370     -2
1371     10
1372     -5
1373     -12
1374     11
1375     10
1376     -9
1377     -10
1378     25
1379     4
1380     -22
1381     -2
1382     -4
1383     -4
1384     -9
1385     -15
1386     -7
1387     4
1388     -13
1389     -4
1390     2
1391     -25
1392     -4
1393     5
1394     -1
1395     6
1396     5
1397     -12
1398     3
1399     20
1400     14
1401     13
1402     3
1403     10
1404     -5
1405     -13
1406     -13
1407     -6
1408     18
1409     22
1410     16
1411     4
1412     13
1413     -6
1414     3
1415     18
1416     -15
1417     6
1418     6
1419     7
1420     -4
1421     9
1422     5
1423     -13
1424     -12
1425     4
1426     4
1427     -11
1428     0
1429     -10
1430     6
1431     -1
1432     -11
1433     -11
1434     10
1435     -6
1436     -8
1437     5
1438     9
1439     -15
1440     12
1441     1
1442     -9
1443     16
1444     -1
1445     14
1446     6
1447     -19
1448     -9
1449     11
1450     14
1451     13
1452     -15
1453     14
1454     11
1455     13
1456     -5
1457     -6
1458     2
1459     1
1460     15
1461     4
1462     -4
1463     -7
1464     6
1465     11
1466     10
1467     12
1468     7
1469     -23
1470     4
1471     22
1472     3
1473     -12
1474     5
1475     7
1476     11
1477     -1
1478     2
1479     20
1480     -12
1481     -12
1482     -23
1483     -6
1484     17
1485     4
1486     8
1487     -7
1488     29
1489     -7
1490     -8
1491     6
1492     -7
1493     2
1494     -27
1495     -2
1496     -7
1497     -17
1498     -20
1499     -8
1500     -15
1501     4
1502     17
1503     -7
1504     -11
1505     -21
1506     -2
1507     13
1508     15
1509     -7
1510     13
1511     3
1512     -25
1513     -19
1514     -4
1515     23
1516     15
1517     13
1518     -4
1519     -7
1520     3
1521     12
1522     -4
1523     -9
1524     15
1525     -11
1526     -20
1527     -6
1528     15
1529     3
1530     -9
1531     -2
1532     -19
1533     16
1534     -3
1535     -18
1536     -1
1537     5
1538     -12
1539     0
1540     16
1541     -4
1542     10
1543     -4
1544     -4
1545     20
1546     0
1547     -14
1548     -21
1549     -1
1550     13
1551     -27
1552     17
1553     7
1554     -13
1555     -8
1556     -4
1557     -2
1558     -15
1559     9
1560     2
1561     -3
1562     0
1563     -6
1564     -10
1565     24
1566     10
1567     -7
1568     7
1569     -3
1570     -4
1571     -15
1572     2
1573     25
1574     7
1575     -12
1576     -22
1577     -7
1578     0
1579     15
1580     12
1581     7
1582     -11
1583     -3
1584     1
1585     -2
1586     16
1587     -8
1588     15
1589     -4
1590     -6
1591     9
1592     17
1593     4
1594     -27
1595     -6
1596     -17
1597     4
1598     -5
1599     -1
1600     2
1601     -14
1602     2
1603     0
1604     19
1605     -4
1606     3
1607     -3
1608     -24
1609     -5
1610     23
1611     2
1612     -14
1613     -3
1614     2
1615     -8
1616     5
1617     10
1618     -27
1619     -8
1620     5
1621     0
1622     -10
1623     -8
1624     1
1625     -11
1626     13
1627     8
1628     4
1629     -2
1630     -5
1631     24
1632     6
1633     9
1634     11
1635     5
1636     -10
1637     2
1638     13
1639     17
1640     5
1641     -7
1642     -2
1643     -23
1644     -6
1645     13
1646     7
1647     -15
1648     5
1649     -4
1650     2
1651     6
1652     -12
1653     -14
1654     6
1655     13
1656     8
1657     22
1658     13
1659     -2
1660     -8
1661     -17
1662     19
1663     1
1664     -7
1665     -6
1666     -5
1667     19
1668     12
1669     1
1670     -10
1671     22
1672     -21
1673     -8
1674     29
1675     -3
1676     -4
1677     -8
1678     11
1679     7
1680     -7
1681     20
1682     11
1683     12
1684     -4
1685     -14
1686     4
1687     14
1688     -7
1689     -24
1690     -6
1691     -12
1692     -14
1693     8
1694     9
1695     2
1696     -19
1697     -11
1698     27
1699     -1
1700     -3
1701     11
1702     -9
1703     23
1704     13
1705     8
1706     24
1707     14
1708     8
1709     15
1710     -3
1711     -8
1712     22
1713     14
1714     22
1715     6
1716     -8
1717     -9
1718     -5
1719     2
1720     -5
1721     11
1722     5
1723     -7
1724     -18
1725     -14
1726     -4
1727     3
1728     -6
1729     3
1730     20
1731     -10
1732     2
1733     5
1734     -4
1735     12
1736     10
1737     2
1738     12
1739     14
1740     9
1741     13
1742     5
1743     12
1744     -3
1745     -9
1746     1
1747     1
1748     -13
1749     -8
1750     -14
1751     12
1752     13
1753     -13
1754     23
1755     -1
1756     -4
1757     7
1758     -13
1759     23
1760     11
1761     15
1762     7
1763     -14
1764     8
1765     4
1766     -19
1767     8
1768     -11
1769     2
1770     9
1771     -17
1772     -1
1773     3
1774     15
1775     8
1776     -2
1777     -23
1778     -16
1779     -6
1780     14
1781     12
1782     9
1783     21
1784     4
1785     7
1786     12
1787     -3
1788     16
1789     6
1790     -2
1791     4
1792     -13
1793     19
1794     -12
1795     -4
1796     11
1797     -16
1798     16
1799     8
1800     9
1801     16
1802     7
1803     12
1804     -1
1805     -20
1806     -2
1807     -13
1808     -7
1809     10
1810     3
1811     11
1812     -3
1813     15
1814     6
1815     -26
1816     -2
1817     17
1818     -5
1819     3
1820     10
1821     -1
1822     4
1823     -9
1824     8
1825     17
1826     13
1827     1
1828     -16
1829     -18
1830     -10
1831     -4
1832     -2
1833     -5
1834     -9
1835     -2
1836     -11
1837     -3
1838     -11
1839     -15
1840     -10
1841     -8
1842     0
1843     4
1844     -7
1845     3
1846     -7
1847     -21
1848     -3
1849     6
1850     4
1851     7
1852     11
1853     -11
1854     18
1855     3
1856     -14
1857     -10
1858     -5
1859     13
1860     13
1861     -2
1862     -10
1863     20
1864     -6
1865     -6
1866     -9
1867     -14
1868     20
1869     -12
1870     1
1871     6
1872     -12
1873     23
1874     -2
1875     -16
1876     -14
1877     0
1878     -4
1879     -17
1880     -10
1881     3
1882     -10
1883     -26
1884     -8
1885     18
1886     16
1887     17
1888     10
1889     -2
1890     -13
1891     8
1892     8
1893     13
1894     8
1895     -28
1896     7
1897     0
1898     1
1899     14
1900     0
1901     27
1902     5
1903     3
1904     16
1905     -19
1906     -7
1907     -10
1908     -14
1909     5
1910     -3
1911     -4
1912     -23
1913     -13
1914     -7
1915     -1
1916     0
1917     -9
1918     -7
1919     4
1920     9
1921     19
1922     -4
1923     -13
1924     6
1925     -5
1926     -6
1927     -11
1928     -2
1929     -17
1930     -16
1931     4
1932     2
1933     -1
1934     3
1935     -14
1936     -12
1937     9
1938     -15
1939     -9
1940     2
1941     10
1942     -1
1943     -16
1944     -18
1945     3
1946     -10
1947     -5
1948     13
1949     8
1950     12
1951     5
1952     3
1953     -9
1954     2
1955     7
1956     6
1957     -26
1958     -10
1959     -4
1960     -15
1961     17
1962     6
1963     -17
1964     1
1965     -4
1966     -10
1967     -21
1968     4
1969     10
1970     -6
1971     17
1972     -12
1973     3
1974     -10
1975     -2
1976     -2
1977     -12
1978     -7
1979     -2
1980     5
1981     -2
1982     13
1983     -10
1984     -10
1985     -2
1986     12
1987     16
1988     13
1989     -9
1990     -25
1991     -12
1992     -3
1993     -5
1994     -11
1995     3
1996     11
1997     1
1998     0
1999     0
2000     -2
2001     -16
2002     -20
2003     2
2004     -4
2005     -6
2006     9
2007     -1
2008     -16
2009     -12
2010     -22
2011     -7
2012     11
2013     2
2014     14
2015     -10
2016     0
2017     -6
2018     -12
2019     -7
2020     3
2021     -10
2022     10
2023     3
2024     -11
2025     8
2026     8
2027     7
2028     -19
2029     7
2030     -23
2031     -2
2032     11
2033     12
2034     12
2035     -6
2036     8
2037     1
2038     12
2039     0
2040     -8
2041     17
2042     9
2043     -2
2044     22
2045     12
2046     -6
2047     -14
2048     -6
2049     22
2050     0
2051     -14
2052     4
2053     -3
2054     -10
2055     1
2056     -5
2057     5
2058     12
2059     -3
2060     14
2061     0
2062     1
2063     -1
2064     7
2065     0
2066     1
2067     2
2068     -1
2069     19
2070     14
2071     -2
2072     -18
2073     -20
2074     -11
2075     -18
2076     -7
2077     14
2078     -5
2079     -6
2080     -20
2081     12
2082     -8
2083     -13
2084     -1
2085     -8
2086     21
2087     6
2088     -3
2089     -6
2090     -19
2091     -9
2092     0
2093     -10
2094     0
2095     0
2096     -11
2097     -15
2098     -15
2099     -14
2100     14
2101     4
2102     -6
2103     18
2104     -15
2105     1
2106     3
2107     1
2108     22
2109     6
2110     0
2111     19
2112     5
2113     -9
2114     8
2115     0
2116     -4
2117     8
2118     0
2119     -6
2120     -3
2121     0
2122     -19
2123     6
2124     10
2125     -18
2126     -6
2127     0
2128     -1
2129     -9
2130     -14
2131     -4
2132     22
2133     10
2134     -18
2135     -7
2136     9
2137     1
2138     7
2139     7
2140     5
2141     6
2142     9
2143     -14
2144     7
2145     1
2146     -5
2147     0
2148     -5
2149     -14
2150     -4
2151     16
2152     10
2153     11
2154     -24
2155     10
2156     -7
2157     -10
2158     14
2159     -5
2160     8
2161     14
2162     14
2163     16
2164     11
2165     -15
2166     9
2167     0
2168     13
2169     2
2170     -6
2171     20
2172     16
2173     -9
2174     -9
2175     11
2176     -15
2177     -13
2178     16
2179     9
2180     -22
2181     -11
2182     -13
2183     -4
2184     9
2185     8
2186     -6
2187     -5
2188     19
2189     13
2190     2
2191     -11
2192     -3
2193     -8
2194     -17
2195     -16
2196     4
2197     2
2198     0
2199     -6
2200     -2
2201     8
2202     -12
2203     -5
2204     -17
2205     -15
