1     -7
2     -19
3     17
4     18
5     17
6     14
7     -14
8     15
9     -13
10     5
11     21
12     -4
13     7
14     10
15     23
16     -11
17     -12
18     -6
19     -13
20     -20
21     6
22     11
23     -13
24     11
25     -4
26     -10
27     -3
28     -7
29     -9
30     7
31     20
32     1
33     14
34     -10
35     11
36     25
37     -2
38     -16
39     -14
40     6
41     12
42     0
43     -19
44     18
45     -7
46     -20
47     0
48     9
49     -9
50     -22
51     14
52     -8
53     -5
54     -2
55     11
56     -8
57     -29
58     14
59     11
60     2
61     5
62     -13
63     -21
64     9
65     17
66     -1
67     14
68     -14
69     1
70     0
71     -18
72     19
73     9
74     -14
75     -14
76     -6
77     5
78     16
79     -6
80     -16
81     14
82     5
83     -2
84     -11
85     -5
86     23
87     7
88     -7
89     20
90     -11
91     -9
92     9
93     -5
94     -5
95     6
96     7
97     -24
98     11
99     18
100     11
101     6
102     -18
103     7
104     15
105     -16
106     7
107     -11
108     -10
109     19
110     13
111     14
112     -7
113     17
114     -9
115     -11
116     6
117     16
118     -9
119     -15
120     -12
121     -22
122     5
123     4
124     16
125     0
126     -2
127     4
128     17
129     15
130     4
131     -11
132     11
133     5
134     -3
135     -2
136     -7
137     -11
138     -23
139     6
140     10
141     -11
142     6
143     0
144     -25
145     5
146     -13
147     2
148     -1
149     0
150     19
151     9
152     10
153     -4
154     -12
155     8
156     19
157     6
158     15
159     -11
160     -12
161     -5
162     13
163     8
164     -12
165     10
166     12
167     21
168     19
169     -13
170     -8
171     -1
172     2
173     -12
174     -27
175     0
176     18
177     -11
178     -11
179     -14
180     7
181     17
182     -22
183     -6
184     -12
185     -15
186     13
187     -2
188     14
189     -7
190     -6
191     -11
192     -28
193     4
194     7
195     20
196     17
197     -10
198     -19
199     17
200     5
201     -2
202     -14
203     -23
204     -18
205     -4
206     7
207     -5
208     12
209     -11
210     -20
211     -1
212     -2
213     10
214     17
215     7
216     7
217     23
218     -4
219     1
220     1
221     -16
222     -13
223     -20
224     -5
225     -14
226     -5
227     -19
228     0
229     17
230     0
231     11
232     -10
233     10
234     2
235     6
236     9
237     -12
238     -2
239     -8
240     8
241     14
242     10
243     5
244     12
245     12
246     15
247     23
248     1
249     -5
250     -12
251     4
252     13
253     -17
254     12
255     2
256     10
257     15
258     -7
259     -11
260     -6
261     2
262     7
263     9
264     -13
265     -1
266     4
267     -4
268     3
269     12
270     15
271     -9
272     -17
273     0
274     -3
275     -7
276     8
277     -7
278     13
279     -2
280     -25
281     7
282     19
283     10
284     0
285     -16
286     -17
287     -16
288     -5
289     -12
290     7
291     16
292     -13
293     -3
294     3
295     22
296     2
297     7
298     5
299     -20
300     -5
301     -9
302     -20
303     -19
304     7
305     -2
306     -15
307     -17
308     7
309     22
310     -15
311     -2
312     10
313     -8
314     -17
315     13
316     1
317     13
318     3
319     -2
320     6
321     -23
322     15
323     -9
324     4
325     3
326     -9
327     5
328     -18
329     18
330     22
331     0
332     1
333     6
334     11
335     -16
336     -6
337     -8
338     3
339     -7
340     -16
341     -8
342     -16
343     17
344     6
345     14
346     22
347     20
348     -3
349     -14
350     -9
351     5
352     23
353     -9
354     -5
355     18
356     -7
357     -1
358     4
359     -3
360     1
361     -15
362     -14
363     -10
364     -20
365     3
366     13
367     9
368     -2
369     12
370     11
371     -12
372     3
373     -12
374     0
375     22
376     -2
377     10
378     15
379     9
380     7
381     -18
382     -2
383     -5
384     7
385     26
386     1
387     -5
388     0
389     -1
390     9
391     -8
392     10
393     -2
394     -10
395     18
396     5
397     9
398     2
399     9
400     -4
401     -9
402     -2
403     -12
404     2
405     20
406     -12
407     -21
408     1
409     11
410     -11
411     -21
412     -6
413     8
414     14
415     -1
416     2
417     -17
418     2
419     -13
420     -12
421     -13
422     -17
423     6
424     -1
425     14
426     17
427     14
428     -3
429     -17
430     -6
431     -2
432     17
433     -9
434     -13
435     24
436     -6
437     11
438     24
439     -11
440     2
441     18
442     9
443     -17
444     9
445     -3
446     -12
447     13
448     -9
449     14
450     0
451     -18
452     -18
453     5
454     9
455     -8
456     -22
457     7
458     7
459     15
460     4
461     -19
462     2
463     -12
464     15
465     -10
466     3
467     -10
468     -2
469     17
470     -4
471     -15
472     -21
473     -15
474     -1
475     -2
476     -8
477     14
478     0
479     -1
480     -14
481     -6
482     15
483     7
484     10
485     -17
486     5
487     -8
488     -9
489     9
490     12
491     11
492     15
493     20
494     -14
495     -6
496     10
497     -7
498     -7
499     -14
500     -26
501     14
502     2
503     -22
504     14
505     21
506     -8
507     -9
508     16
509     -11
510     -10
511     8
512     -20
513     -18
514     -11
515     -11
516     12
517     14
518     3
519     -2
520     -11
521     -2
522     6
523     -14
524     -4
525     21
526     -5
527     -17
528     7
529     -4
530     1
531     -11
532     -14
533     -16
534     3
535     -13
536     -22
537     14
538     -9
539     0
540     19
541     10
542     12
543     9
544     12
545     -14
546     -12
547     8
548     23
549     11
550     -15
551     16
552     -8
553     12
554     -9
555     1
556     6
557     6
558     4
559     -4
560     18
561     -3
562     5
563     -8
564     -20
565     8
566     -7
567     -13
568     19
569     11
570     -10
571     14
572     16
573     -11
574     -5
575     11
576     17
577     -1
578     -4
579     -4
580     -4
581     15
582     18
583     11
584     -6
585     1
586     -1
587     -11
588     -19
589     -19
590     15
591     14
592     10
593     0
594     7
595     -6
596     -17
597     -5
598     4
599     -2
600     7
601     0
602     -3
603     -11
604     2
605     22
606     14
607     3
608     -13
609     12
610     -13
611     -5
612     -8
613     2
614     16
615     -6
616     -9
617     -25
618     15
619     3
620     -16
621     14
622     -14
623     13
624     18
625     -6
626     -8
627     7
628     15
629     -7
630     -12
631     -16
632     -8
633     10
634     7
635     -4
636     -3
637     16
638     -16
639     -5
640     4
641     -17
642     11
643     -16
644     12
645     -5
646     6
647     11
648     -18
649     -8
650     -20
651     11
652     -3
653     -11
654     9
655     -18
656     -20
657     -8
658     10
659     9
660     -15
661     13
662     -12
663     4
664     -10
665     -2
666     -1
667     -7
668     13
669     -17
670     6
671     -12
672     -15
673     -13
674     -16
675     6
676     2
677     5
678     7
679     -1
680     -2
681     -11
682     -11
683     1
684     5
685     -14
686     0
687     -5
688     -22
689     17
690     9
691     -17
692     -1
693     6
694     2
695     -9
696     -20
697     1
698     10
699     -22
700     16
701     11
702     -2
703     -6
704     -24
705     14
706     2
707     15
708     -6
709     -17
710     -5
711     2
712     -12
713     -15
714     20
715     4
716     13
717     25
718     -11
719     -15
720     4
721     -1
722     15
723     1
724     0
725     -17
726     6
727     4
728     5
729     19
730     1
731     3
732     -11
733     -12
734     -16
735     1
736     -9
737     -1
738     -14
739     -24
740     9
741     -4
742     -6
743     -7
744     -14
745     9
746     22
747     -4
748     -17
749     11
750     1
751     -15
752     -3
753     5
754     24
755     -7
756     -19
757     4
758     19
759     10
760     -15
761     12
762     7
763     11
764     -6
765     2
766     13
767     -3
768     13
769     12
770     19
771     20
772     3
773     11
774     18
775     15
776     0
777     11
778     -11
779     -21
780     -5
781     -1
782     23
783     -7
784     2
785     -1
786     7
787     8
788     17
789     18
790     3
791     18
792     0
793     -14
794     -9
795     5
796     -6
797     -3
798     -2
799     7
800     0
801     -12
802     -18
803     9
804     10
805     -9
806     -1
807     -20
808     1
809     17
810     9
811     16
812     7
813     -2
814     -4
815     -13
816     4
817     18
818     -8
819     -4
820     20
821     5
822     -3
823     -1
824     -1
825     -12
826     -4
827     9
828     -11
829     -9
830     18
831     0
832     3
833     10
834     -17
835     1
836     17
837     11
838     -1
839     -10
840     10
841     5
842     -2
843     6
844     -13
845     -6
846     11
847     1
848     10
849     -5
850     -19
851     13
852     -7
853     4
854     -9
855     -9
856     20
857     -8
858     0
859     18
860     -3
861     -8
862     16
863     6
864     9
865     -13
866     12
867     -4
868     -10
869     -16
870     -21
871     5
872     -17
873     18
874     -5
875     5
876     0
877     0
878     -9
879     -14
880     20
881     -12
882     4
883     19
884     21
885     11
886     13
887     12
888     -4
889     -8
890     14
891     15
892     -12
893     -7
894     -6
895     -14
896     -21
897     11
898     1
899     -22
900     -5
901     3
902     -6
903     -4
904     19
905     3
906     -1
907     11
908     -7
909     -6
910     -11
911     -7
912     -3
913     -5
914     -3
915     12
916     24
917     -11
918     7
919     12
920     -17
921     3
922     21
923     11
924     7
925     8
926     7
927     19
928     -6
929     11
930     1
931     -11
932     16
933     6
934     6
935     14
936     23
937     -8
938     8
939     4
940     -6
941     12
942     19
943     18
944     -8
945     2
946     9
947     14
948     -19
949     12
950     -6
951     -18
952     20
953     -12
954     12
955     1
956     13
957     -9
958     5
959     19
960     -1
961     -3
962     -6
963     17
964     6
965     0
966     -9
967     3
968     12
969     22
970     -11
971     -15
972     15
973     -5
974     4
975     -3
976     -17
977     -18
978     1
979     -11
980     -4
981     3
982     10
983     -5
984     -10
985     21
986     -15
987     -13
988     -12
989     -17
990     -11
991     -20
992     8
993     14
994     3
995     -9
996     -5
997     9
998     -1
999     -20
1000     -10
1001     5
1002     -6
1003     -14
1004     5
1005     0
1006     -19
1007     10
1008     4
1009     8
1010     14
1011     -6
1012     -19
1013     -6
1014     7
1015     13
1016     -5
1017     0
1018     4
1019     -12
1020     17
1021     15
1022     -4
1023     -2
1024     18
1025     6
1026     -4
1027     -14
1028     0
1029     3
1030     -8
1031     8
1032     16
1033     7
1034     -7
1035     1
1036     2
1037     -6
1038     17
1039     21
1040     -6
1041     -11
1042     7
1043     10
1044     -11
1045     -6
1046     -12
1047     -5
1048     1
1049     -6
1050     -19
1051     8
1052     -3
1053     10
1054     3
1055     -8
1056     11
1057     18
1058     -5
1059     -10
1060     24
1061     -11
1062     -12
1063     -14
1064     -10
1065     15
1066     23
1067     6
1068     -15
1069     -3
1070     0
1071     10
1072     7
1073     -19
1074     -3
1075     13
1076     -10
1077     -13
1078     2
1079     20
1080     -12
1081     -3
1082     14
1083     10
1084     11
1085     -17
1086     11
1087     -11
1088     2
1089     9
1090     -18
1091     3
1092     -8
1093     8
1094     -9
1095     -16
1096     17
1097     10
1098     -8
1099     12
1100     9
1101     -18
1102     10
1103     1
1104     -15
1105     -14
1106     17
1107     8
1108     -16
1109     11
1110     -14
1111     -7
1112     -16
1113     12
1114     13
1115     -20
1116     1
1117     3
1118     8
1119     10
1120     16
1121     -12
1122     -20
1123     -18
1124     7
1125     13
1126     4
1127     7
1128     -5
1129     -9
1130     8
1131     19
1132     -8
1133     9
1134     -13
1135     -21
1136     -16
1137     9
1138     8
1139     -18
1140     2
1141     -7
1142     13
1143     8
1144     -15
1145     5
1146     15
1147     -5
1148     -9
1149     9
1150     20
1151     21
1152     7
1153     17
1154     -8
1155     -22
1156     13
1157     -6
1158     -17
1159     11
1160     -14
1161     -20
1162     3
1163     -18
1164     -22
1165     -15
1166     6
1167     -7
1168     -24
1169     20
1170     -9
1171     -22
1172     -2
1173     -16
1174     -9
1175     18
1176     21
1177     2
1178     14
1179     13
1180     -2
1181     -13
1182     -17
1183     -19
1184     -3
1185     -15
1186     13
1187     -2
1188     0
1189     15
1190     -2
1191     16
1192     8
1193     2
1194     14
1195     15
1196     -9
1197     -3
1198     -16
1199     -13
1200     10
1201     -7
1202     1
1203     4
1204     4
1205     11
1206     9
1207     2
1208     -3
1209     -11
1210     -15
1211     0
1212     -13
1213     3
1214     10
1215     -3
1216     -3
1217     -17
1218     -20
1219     1
1220     -15
1221     10
1222     22
1223     -11
1224     -8
1225     -18
1226     -3
1227     -20
1228     5
1229     -8
1230     -19
1231     -12
1232     -20
1233     9
1234     -13
1235     -9
1236     5
1237     15
1238     8
1239     -9
1240     15
1241     15
1242     3
1243     13
1244     -2
1245     2
1246     5
1247     -4
1248     -10
1249     -13
1250     13
1251     20
1252     -3
1253     -4
1254     10
1255     -7
1256     -6
1257     20
1258     -11
1259     -14
1260     -16
1261     -3
1262     -4
1263     -8
1264     -9
1265     12
1266     10
1267     -14
1268     -2
1269     -20
1270     18
1271     12
1272     12
1273     18
1274     -20
1275     13
1276     -16
1277     4
1278     4
1279     -21
1280     16
1281     5
1282     -14
1283     -15
1284     11
1285     -1
1286     3
1287     -6
1288     -8
1289     8
1290     -16
1291     15
1292     22
1293     -5
1294     11
1295     15
1296     -9
1297     16
1298     9
1299     -21
1300     5
1301     -8
1302     9
1303     -1
1304     -20
1305     10
1306     6
1307     6
1308     0
1309     -5
1310     -6
1311     -6
1312     -20
1313     -6
1314     18
1315     -14
1316     1
1317     26
1318     7
1319     -4
1320     13
1321     1
1322     7
1323     24
1324     -8
1325     -19
1326     -3
1327     -17
1328     7
1329     13
1330     11
1331     -13
1332     2
1333     1
1334     -19
1335     12
1336     2
1337     5
1338     3
1339     20
1340     10
1341     4
1342     8
1343     -12
1344     -2
1345     -15
1346     12
1347     -8
1348     -15
1349     -2
1350     -23
1351     15
1352     -1
1353     -7
1354     10
1355     -6
1356     -11
1357     -6
1358     -8
1359     6
1360     12
1361     17
1362     19
1363     -6
1364     -6
1365     9
1366     12
1367     -10
1368     -17
1369     -9
1370     -5
1371     12
1372     19
1373     21
1374     2
1375     2
1376     -12
1377     -18
1378     -9
1379     -7
1380     6
1381     14
1382     13
1383     -18
1384     -21
1385     1
1386     13
1387     12
1388     -7
1389     11
1390     10
1391     3
1392     -14
1393     -15
1394     -2
1395     9
1396     15
1397     -10
1398     -16
1399     -12
1400     11
1401     5
1402     -10
1403     6
1404     -8
1405     -5
1406     -10
1407     -20
1408     1
1409     15
1410     -3
1411     -4
1412     2
1413     -4
1414     -9
1415     -6
1416     -17
1417     1
1418     2
1419     -22
1420     18
1421     8
1422     -10
1423     12
1424     9
1425     11
1426     -2
1427     -14
1428     14
1429     7
1430     4
1431     -7
1432     1
1433     -9
1434     1
1435     4
1436     -13
1437     9
1438     5
1439     13
1440     3
1441     3
1442     -14
1443     -13
1444     12
1445     -15
1446     -19
1447     -6
1448     -4
1449     1
1450     23
1451     4
1452     1
1453     4
1454     6
1455     11
1456     -17
1457     6
1458     -15
1459     5
1460     -6
1461     1
1462     -6
1463     -17
1464     13
1465     10
1466     20
1467     -14
1468     -23
1469     -4
1470     -14
1471     -13
1472     17
1473     -13
1474     8
1475     6
1476     13
1477     -1
1478     -21
1479     20
1480     6
1481     -15
1482     -14
1483     7
1484     15
1485     8
1486     -5
1487     3
1488     4
1489     19
1490     13
1491     -14
1492     -11
1493     -20
1494     13
1495     -1
1496     -2
1497     20
1498     -17
1499     -11
1500     -7
1501     -22
1502     10
1503     0
1504     7
1505     16
1506     2
1507     10
1508     -5
1509     19
1510     -3
1511     4
1512     -17
1513     -11
1514     0
1515     -20
1516     15
1517     14
1518     11
1519     -15
1520     12
1521     3
1522     -10
1523     -8
1524     -11
1525     -15
1526     10
1527     11
1528     -12
1529     -18
1530     2
1531     1
1532     -2
1533     -8
1534     -4
1535     -12
1536     -18
1537     8
1538     -4
1539     12
1540     -8
1541     -21
1542     -20
1543     4
1544     3
1545     6
1546     16
1547     -7
1548     0
1549     -10
1550     -14
1551     8
1552     14
1553     -12
1554     1
1555     20
1556     -15
1557     2
1558     2
1559     -2
1560     -2
1561     5
1562     2
1563     12
1564     -8
1565     -24
1566     -1
1567     -11
1568     14
1569     15
1570     -6
1571     0
1572     1
1573     -10
1574     -3
1575     13
1576     13
1577     18
1578     11
1579     14
1580     5
1581     14
1582     24
1583     -8
1584     -11
1585     -2
1586     1
1587     -13
1588     -2
1589     -17
1590     -19
1591     -11
1592     -3
1593     9
1594     9
1595     24
1596     -8
1597     3
1598     -15
1599     -10
1600     23
1601     1
1602     2
1603     15
1604     16
1605     10
1606     18
1607     10
1608     9
1609     22
1610     -6
1611     -5
1612     18
1613     -9
1614     8
1615     7
1616     -11
1617     -15
1618     -15
1619     11
1620     -2
1621     -9
1622     6
1623     2
1624     -2
1625     6
1626     17
1627     -11
1628     -10
1629     4
1630     -18
1631     -9
1632     -11
1633     -7
1634     5
1635     19
1636     23
1637     -14
1638     -1
1639     4
1640     15
1641     17
1642     15
1643     2
1644     -15
1645     18
1646     8
1647     8
1648     21
1649     -14
1650     13
1651     20
1652     2
1653     -9
1654     -23
1655     -4
1656     -7
1657     3
1658     16
1659     -10
1660     -15
1661     0
1662     12
1663     1
1664     -8
1665     10
1666     1
1667     2
1668     -15
1669     12
1670     16
1671     -22
1672     3
1673     -15
1674     -9
1675     21
1676     3
1677     18
1678     -1
1679     11
1680     7
1681     -18
1682     13
1683     -6
1684     -8
1685     -1
1686     4
1687     -17
1688     -10
1689     19
1690     4
1691     -13
1692     -9
1693     -8
1694     16
1695     22
1696     -17
1697     -8
1698     -12
1699     1
1700     -6
1701     -24
1702     11
1703     4
1704     -4
1705     0
1706     -16
1707     10
1708     21
1709     -10
1710     10
1711     -8
1712     3
1713     6
1714     15
1715     16
1716     -10
1717     -4
1718     -18
1719     6
1720     -5
1721     15
1722     24
1723     12
1724     19
1725     2
1726     17
1727     0
1728     0
1729     15
1730     18
1731     16
1732     3
1733     -13
1734     -21
1735     6
1736     14
1737     -4
1738     19
1739     -4
1740     -2
1741     -1
1742     -1
1743     19
1744     4
1745     -9
1746     -20
1747     16
1748     -5
1749     3
1750     -3
1751     0
1752     -8
1753     -24
1754     2
1755     9
1756     6
1757     -15
1758     13
1759     17
1760     -5
1761     15
1762     5
1763     -10
1764     -13
1765     -7
1766     11
1767     13
1768     18
1769     11
1770     -2
1771     -1
1772     -13
1773     -21
1774     -18
1775     15
1776     -5
1777     -22
1778     -3
1779     -23
1780     8
1781     23
1782     -15
1783     -4
1784     18
1785     19
1786     -6
1787     -18
1788     -15
1789     -12
1790     -15
1791     -11
1792     10
1793     15
1794     17
1795     5
1796     20
1797     10
1798     -14
1799     -13
1800     -13
1801     -14
1802     -1
1803     10
1804     21
1805     18
1806     4
1807     17
1808     -13
1809     -3
1810     5
1811     -7
1812     -5
1813     14
1814     -5
1815     -19
1816     -19
1817     7
1818     -4
1819     -8
1820     2
1821     8
1822     25
1823     -13
1824     13
1825     -7
1826     -20
1827     -2
1828     -3
1829     17
1830     22
1831     5
1832     13
1833     7
1834     -4
1835     -11
1836     -13
1837     -12
1838     11
1839     13
1840     0
1841     -3
1842     -2
1843     20
1844     -12
1845     13
1846     -6
1847     -3
1848     -10
1849     -18
1850     21
1851     -8
1852     -23
1853     11
1854     22
1855     -18
1856     -12
1857     15
1858     7
1859     -17
1860     -20
1861     -23
1862     5
1863     -12
1864     -8
1865     -16
1866     -26
1867     7
1868     -13
1869     -15
1870     3
1871     18
1872     9
1873     15
1874     14
1875     6
1876     -4
1877     -5
1878     -10
1879     -13
1880     -2
1881     18
1882     -12
1883     -16
1884     21
1885     13
1886     9
1887     -5
1888     18
1889     12
1890     -17
1891     5
1892     22
1893     20
1894     -7
1895     7
1896     22
1897     19
1898     5
1899     -6
1900     -2
1901     6
1902     -10
1903     0
1904     -9
1905     -1
1906     26
1907     -14
1908     10
1909     3
1910     -4
1911     12
1912     11
1913     13
1914     8
1915     -2
1916     -18
1917     -12
1918     5
1919     19
1920     0
1921     -5
1922     17
1923     -2
1924     7
1925     -10
1926     -16
1927     8
1928     -12
1929     -3
1930     6
1931     -8
1932     9
1933     6
1934     -4
1935     -5
1936     18
1937     1
1938     -16
1939     11
1940     -2
1941     -10
1942     -1
1943     14
1944     -3
1945     3
1946     -14
1947     1
1948     17
1949     -6
1950     7
1951     4
1952     6
1953     -2
1954     -12
1955     -1
1956     -13
1957     -13
1958     18
1959     -5
1960     15
1961     1
1962     13
1963     4
1964     11
1965     16
1966     -9
1967     23
1968     -5
1969     9
1970     11
1971     13
1972     12
1973     19
1974     17
1975     10
1976     20
1977     -14
1978     -7
1979     -14
1980     10
1981     7
1982     -6
1983     -7
1984     14
1985     16
1986     -5
1987     6
1988     -4
1989     -2
1990     -7
1991     17
1992     -3
1993     4
1994     -14
1995     -4
1996     20
1997     -3
1998     -15
1999     11
2000     1
2001     -22
2002     22
2003     -11
2004     -18
2005     17
2006     -1
2007     -1
2008     -13
2009     -5
2010     13
2011     20
2012     -12
2013     -18
2014     -10
2015     -13
2016     8
2017     -6
2018     9
2019     -13
2020     -4
2021     -6
2022     16
2023     -4
2024     -25
2025     -7
2026     -3
2027     11
2028     -19
2029     0
2030     -2
2031     -2
2032     0
2033     17
2034     -10
2035     -2
2036     9
2037     -11
2038     -6
2039     -17
2040     5
2041     -10
2042     -18
2043     6
2044     13
2045     -20
2046     13
2047     2
2048     -21
2049     -8
2050     4
2051     20
2052     12
2053     4
2054     6
2055     13
2056     -8
2057     7
2058     -10
2059     -17
2060     19
2061     21
2062     -5
2063     1
2064     8
2065     1
2066     -15
2067     -18
2068     8
2069     11
2070     5
2071     1
2072     -7
2073     -4
2074     -4
2075     3
2076     7
2077     -8
2078     -9
2079     -4
2080     -9
2081     -14
2082     3
2083     13
2084     1
2085     0
2086     9
2087     -7
2088     10
2089     12
2090     -7
2091     -5
2092     -11
2093     17
2094     22
2095     -6
2096     8
2097     1
2098     0
2099     -11
2100     1
2101     23
2102     0
2103     0
2104     -8
2105     -5
2106     -14
2107     6
2108     10
2109     -16
2110     15
2111     10
2112     -15
2113     17
2114     6
2115     -11
2116     -9
2117     -12
2118     -7
2119     5
2120     -1
2121     -10
2122     3
2123     -5
2124     11
2125     0
2126     14
2127     20
2128     6
2129     9
2130     -2
2131     12
2132     8
2133     -11
2134     -4
2135     -13
2136     -9
2137     20
2138     -7
2139     -5
2140     -8
2141     6
2142     -8
2143     11
2144     12
2145     -8
2146     24
2147     -11
2148     6
2149     10
2150     -13
2151     -12
2152     -21
2153     5
2154     7
2155     12
2156     13
2157     4
2158     3
2159     13
2160     20
2161     -3
2162     4
2163     -8
2164     -15
2165     -8
2166     6
2167     3
2168     3
2169     24
2170     6
2171     -8
2172     -16
2173     -20
2174     15
2175     -11
2176     -2
2177     10
2178     1
2179     24
2180     -2
2181     -4
2182     -9
2183     10
2184     21
2185     -15
2186     -13
2187     -12
2188     -21
2189     -23
2190     16
2191     -3
2192     0
2193     11
2194     -22
2195     11
2196     15
2197     0
2198     -13
2199     -18
2200     -13
2201     -3
2202     -16
2203     4
2204     13
2205     2
