1     11
2     -19
3     2
4     -19
5     7
6     10
7     0
8     -15
9     -14
10     8
11     -13
12     15
13     -11
14     -7
15     0
16     15
17     11
18     1
19     -1
20     -16
21     -4
22     15
23     -17
24     1
25     14
26     15
27     19
28     10
29     18
30     -10
31     -7
32     -1
33     -6
34     -9
35     -3
36     10
37     1
38     -14
39     -1
40     1
41     17
42     -15
43     -9
44     4
45     15
46     11
47     7
48     3
49     -21
50     11
51     -14
52     -24
53     0
54     -22
55     -11
56     18
57     -5
58     5
59     14
60     17
61     8
62     15
63     16
64     5
65     0
66     -10
67     -10
68     -21
69     -16
70     2
71     16
72     -12
73     -1
74     19
75     7
76     -4
77     -18
78     -13
79     -9
80     -14
81     -11
82     1
83     5
84     -2
85     -19
86     -14
87     3
88     16
89     14
90     10
91     21
92     1
93     -10
94     -18
95     -12
96     7
97     10
98     -19
99     -5
100     16
101     -8
102     10
103     -9
104     11
105     22
106     -19
107     8
108     12
109     -18
110     -21
111     -6
112     13
113     1
114     -11
115     -5
116     -13
117     -2
118     17
119     -6
120     -5
121     8
122     16
123     -14
124     -16
125     7
126     5
127     -2
128     -16
129     8
130     21
131     5
132     -14
133     5
134     11
135     20
136     -2
137     -8
138     -4
139     -10
140     0
141     4
142     18
143     6
144     1
145     17
146     14
147     -7
148     13
149     9
150     17
151     -5
152     -3
153     5
154     -12
155     -13
156     -10
157     -2
158     -17
159     13
160     -7
161     -4
162     4
163     -15
164     20
165     -14
166     10
167     10
168     7
169     8
170     -15
171     8
172     2
173     12
174     20
175     20
176     -13
177     16
178     6
179     -21
180     -3
181     6
182     3
183     -12
184     17
185     6
186     10
187     12
188     -13
189     -1
190     0
191     7
192     6
193     -6
194     4
195     -4
196     10
197     -7
198     14
199     6
200     -15
201     5
202     -1
203     -8
204     11
205     -15
206     -16
207     -6
208     -9
209     18
210     17
211     17
212     18
213     3
214     14
215     20
216     -14
217     5
218     11
219     -7
220     2
221     -9
222     -10
223     -15
224     -21
225     -6
226     16
227     -6
228     3
229     -6
230     3
231     5
232     2
233     15
234     -11
235     2
236     9
237     12
238     2
239     -21
240     -15
241     3
242     -11
243     -9
244     -19
245     -9
246     -15
247     -17
248     6
249     -8
250     18
251     7
252     10
253     7
254     7
255     -10
256     -18
257     0
258     3
259     -5
260     -25
261     -10
262     3
263     16
264     14
265     -9
266     16
267     1
268     -3
269     -3
270     -2
271     10
272     -4
273     -15
274     -13
275     12
276     -18
277     -17
278     -5
279     0
280     -16
281     14
282     6
283     -15
284     14
285     -9
286     5
287     13
288     16
289     20
290     -9
291     -10
292     8
293     -1
294     12
295     -15
296     6
297     -5
298     -22
299     -16
300     12
301     24
302     3
303     7
304     3
305     19
306     -7
307     -16
308     -13
309     -1
310     -3
311     1
312     0
313     9
314     11
315     9
316     -8
317     -22
318     13
319     -13
320     -14
321     -12
322     -13
323     -2
324     20
325     12
326     12
327     20
328     -7
329     -16
330     -16
331     7
332     7
333     -12
334     -14
335     14
336     -11
337     6
338     -11
339     -24
340     -13
341     3
342     17
343     17
344     20
345     -8
346     -4
347     -14
348     -9
349     3
350     7
351     5
352     -9
353     -16
354     -21
355     6
356     14
357     -14
358     9
359     9
360     1
361     13
362     14
363     -13
364     -14
365     0
366     2
367     17
368     -2
369     -9
370     9
371     20
372     -10
373     -15
374     2
375     -5
376     15
377     14
378     9
379     10
380     -17
381     -17
382     -15
383     -11
384     9
385     3
386     15
387     6
388     -20
389     -17
390     11
391     13
392     2
393     -16
394     -6
395     -14
396     -14
397     3
398     1
399     8
400     2
401     9
402     -10
403     10
404     20
405     -5
406     -1
407     -12
408     -11
409     -7
410     9
411     5
412     -17
413     -13
414     -4
415     7
416     5
417     0
418     17
419     6
420     -15
421     1
422     10
423     -11
424     5
425     7
426     -16
427     1
428     -9
429     3
430     18
431     3
432     7
433     2
434     -15
435     10
436     11
437     -3
438     4
439     -1
440     -12
441     -21
442     -7
443     -18
444     10
445     20
446     -15
447     -8
448     3
449     19
450     -3
451     -3
452     5
453     -7
454     15
455     8
456     -13
457     3
458     3
459     -10
460     -6
461     -15
462     -10
463     11
464     0
465     2
466     15
467     8
468     19
469     9
470     -9
471     -6
472     2
473     19
474     11
475     -6
476     -10
477     -6
478     -2
479     2
480     -5
481     -21
482     -1
483     -17
484     -8
485     -7
486     12
487     12
488     -18
489     2
490     -16
491     5
492     12
493     5
494     7
495     -10
496     -20
497     -8
498     6
499     18
500     -15
501     -10
502     14
503     -12
504     -14
505     10
506     -10
507     -11
508     -4
509     2
510     15
511     -14
512     5
513     -14
514     6
515     15
516     -12
517     -10
518     -2
519     15
520     9
521     20
522     19
523     -7
524     8
525     6
526     -16
527     16
528     9
529     -12
530     -20
531     -2
532     6
533     -18
534     2
535     -12
536     -22
537     -2
538     0
539     19
540     2
541     -7
542     15
543     -7
544     1
545     22
546     7
547     8
548     17
549     -1
550     -12
551     -13
552     5
553     2
554     -3
555     -13
556     -7
557     14
558     16
559     -4
560     -4
561     17
562     4
563     5
564     -12
565     9
566     8
567     -17
568     -6
569     15
570     10
571     14
572     17
573     -7
574     17
575     6
576     -20
577     7
578     -16
579     -2
580     -14
581     -21
582     -10
583     -12
584     -1
585     -17
586     7
587     -2
588     4
589     -16
590     -11
591     14
592     -14
593     14
594     3
595     -13
596     17
597     -5
598     -15
599     -4
600     1
601     -13
602     -14
603     19
604     -16
605     -4
606     13
607     16
608     27
609     -18
610     16
611     -10
612     -22
613     17
614     -7
615     17
616     22
617     -6
618     -15
619     -2
620     -9
621     -9
622     -9
623     -18
624     -6
625     15
626     -14
627     -20
628     16
629     -5
630     -18
631     -19
632     6
633     -9
634     -19
635     15
636     -11
637     12
638     23
639     -15
640     -16
641     11
642     -17
643     0
644     14
645     14
646     -6
647     -16
648     21
649     -16
650     5
651     5
652     -16
653     -2
654     -14
655     2
656     17
657     9
658     9
659     -14
660     4
661     23
662     14
663     13
664     15
665     12
666     -20
667     -12
668     14
669     -4
670     -6
671     -3
672     9
673     3
674     -10
675     -15
676     -16
677     8
678     -17
679     -19
680     2
681     -5
682     17
683     21
684     -18
685     -11
686     6
687     19
688     7
689     -7
690     -1
691     16
692     20
693     -3
694     1
695     18
696     5
697     19
698     23
699     -8
700     -6
701     -3
702     17
703     5
704     13
705     20
706     -4
707     8
708     14
709     -17
710     -16
711     -2
712     -8
713     4
714     17
715     6
716     -10
717     14
718     -8
719     2
720     -6
721     -21
722     -2
723     -17
724     -6
725     -2
726     1
727     -13
728     -20
729     -10
730     -16
731     12
732     -8
733     -8
734     4
735     6
736     -15
737     -2
738     18
739     -2
740     5
741     -9
742     15
743     23
744     11
745     -9
746     -7
747     -2
748     16
749     23
750     -1
751     -20
752     -5
753     12
754     -2
755     15
756     19
757     0
758     3
759     10
760     -2
761     18
762     3
763     11
764     0
765     -5
766     -3
767     -13
768     20
769     -6
770     -9
771     13
772     -16
773     -10
774     14
775     4
776     7
777     6
778     12
779     17
780     -1
781     -17
782     14
783     14
784     -9
785     17
786     13
787     -7
788     11
789     -10
790     10
791     15
792     9
793     9
794     2
795     18
796     -17
797     -8
798     0
799     -15
800     6
801     12
802     18
803     8
804     22
805     19
806     -12
807     13
808     -9
809     -2
810     -10
811     9
812     -7
813     -14
814     19
815     -16
816     -17
817     8
818     8
819     2
820     -9
821     -19
822     -19
823     -13
824     19
825     0
826     11
827     12
828     -14
829     16
830     14
831     -13
832     -15
833     -7
834     -11
835     10
836     0
837     -15
838     1
839     -17
840     -4
841     -8
842     -9
843     4
844     -4
845     -1
846     -8
847     15
848     13
849     18
850     13
851     -6
852     -13
853     -17
854     -8
855     -11
856     -5
857     -10
858     10
859     -4
860     -20
861     17
862     18
863     16
864     -2
865     2
866     6
867     -3
868     10
869     -18
870     14
871     3
872     -12
873     -1
874     -10
875     -14
876     -13
877     -11
878     -14
879     -9
880     13
881     19
882     -12
883     17
884     4
885     2
886     6
887     14
888     -3
889     -15
890     -1
891     -11
892     0
893     -7
894     4
895     11
896     16
897     -10
898     -15
899     5
900     2
901     -19
902     -20
903     -16
904     -19
905     -4
906     -4
907     -17
908     8
909     18
910     -13
911     15
912     14
913     18
914     10
915     6
916     -7
917     -18
918     -2
919     -17
920     12
921     -6
922     12
923     8
924     10
925     20
926     -7
927     -10
928     -6
929     22
930     -9
931     -18
932     12
933     11
934     2
935     -18
936     -12
937     7
938     -11
939     2
940     2
941     -18
942     -15
943     19
944     -2
945     7
946     7
947     -19
948     8
949     -18
950     12
951     -1
952     -15
953     -3
954     -16
955     2
956     20
957     14
958     4
959     20
960     1
961     7
962     -17
963     -4
964     -15
965     -15
966     0
967     -11
968     5
969     5
970     10
971     6
972     19
973     -11
974     7
975     -16
976     0
977     -4
978     -13
979     20
980     -7
981     -2
982     -16
983     -12
984     -11
985     14
986     -11
987     -22
988     8
989     17
990     13
991     3
992     17
993     11
994     16
995     -2
996     -17
997     -1
998     -12
999     8
1000     -7
1001     11
1002     20
1003     -5
1004     17
1005     13
1006     -5
1007     5
1008     -12
1009     -12
1010     -15
1011     5
1012     -1
1013     -18
1014     -3
1015     10
1016     -3
1017     12
1018     26
1019     5
1020     18
1021     -9
1022     -6
1023     -1
1024     2
1025     13
1026     9
1027     -10
1028     -14
1029     14
1030     -10
1031     15
1032     -5
1033     -20
1034     -9
1035     -1
1036     -16
1037     4
1038     14
1039     -11
1040     4
1041     7
1042     12
1043     -13
1044     16
1045     -3
1046     -24
1047     -2
1048     0
1049     -7
1050     14
1051     -10
1052     -18
1053     19
1054     -10
1055     -20
1056     -5
1057     -13
1058     -23
1059     16
1060     22
1061     -7
1062     -9
1063     2
1064     8
1065     0
1066     -20
1067     -2
1068     8
1069     -19
1070     4
1071     16
1072     -18
1073     -1
1074     3
1075     -18
1076     -3
1077     -14
1078     -6
1079     4
1080     -10
1081     -12
1082     16
1083     -1
1084     -21
1085     8
1086     19
1087     8
1088     18
1089     23
1090     -2
1091     0
1092     -13
1093     -9
1094     19
1095     -7
1096     -1
1097     8
1098     14
1099     3
1100     13
1101     12
1102     -14
1103     -1
1104     -6
1105     -6
1106     2
1107     18
1108     -15
1109     -13
1110     -10
1111     0
1112     -9
1113     6
1114     11
1115     2
1116     22
1117     -16
1118     -1
1119     4
1120     0
1121     -4
1122     -18
1123     19
1124     9
1125     -7
1126     13
1127     5
1128     3
1129     3
1130     13
1131     -6
1132     6
1133     12
1134     -7
1135     9
1136     12
1137     -15
1138     10
1139     -10
1140     -15
1141     0
1142     -2
1143     5
1144     -11
1145     0
1146     -18
1147     -7
1148     22
1149     11
1150     -4
1151     11
1152     -14
1153     3
1154     19
1155     -6
1156     -5
1157     -22
1158     16
1159     -13
1160     -22
1161     17
1162     -5
1163     2
1164     -6
1165     2
1166     -6
1167     0
1168     -13
1169     -12
1170     0
1171     11
1172     -1
1173     -16
1174     11
1175     -5
1176     -14
1177     -18
1178     -4
1179     -13
1180     15
1181     5
1182     -11
1183     10
1184     -18
1185     19
1186     12
1187     6
1188     0
1189     -3
1190     15
1191     -16
1192     0
1193     -8
1194     15
1195     5
1196     -24
1197     5
1198     -17
1199     -14
1200     15
1201     13
1202     12
1203     -10
1204     3
1205     20
1206     23
1207     9
1208     15
1209     1
1210     -21
1211     18
1212     -14
1213     9
1214     2
1215     -18
1216     -13
1217     -8
1218     12
1219     8
1220     -6
1221     -6
1222     -16
1223     9
1224     7
1225     -19
1226     16
1227     -15
1228     14
1229     25
1230     3
1231     -3
1232     -13
1233     -17
1234     6
1235     18
1236     -7
1237     19
1238     6
1239     -8
1240     -12
1241     -11
1242     14
1243     12
1244     -8
1245     -9
1246     9
1247     20
1248     5
1249     -18
1250     -10
1251     13
1252     15
1253     1
1254     -5
1255     -6
1256     10
1257     12
1258     16
1259     18
1260     8
1261     -7
1262     2
1263     -3
1264     -2
1265     4
1266     11
1267     -4
1268     1
1269     -7
1270     -9
1271     21
1272     -12
1273     -4
1274     -14
1275     1
1276     -10
1277     9
1278     24
1279     -3
1280     8
1281     7
1282     18
1283     -10
1284     -15
1285     -11
1286     1
1287     0
1288     2
1289     8
1290     -7
1291     10
1292     -9
1293     14
1294     3
1295     -24
1296     14
1297     17
1298     5
1299     -13
1300     -9
1301     17
1302     -17
1303     10
1304     19
1305     -18
1306     14
1307     15
1308     16
1309     -13
1310     -3
1311     15
1312     0
1313     12
1314     -10
1315     12
1316     11
1317     -16
1318     -8
1319     -15
1320     -7
1321     -1
1322     16
1323     22
1324     1
1325     -15
1326     16
1327     1
1328     -13
1329     21
1330     12
1331     -11
1332     -12
1333     -15
1334     -12
1335     21
1336     8
1337     -9
1338     -22
1339     -17
1340     -2
1341     17
1342     9
1343     -6
1344     16
1345     -11
1346     8
1347     -2
1348     9
1349     23
1350     9
1351     3
1352     -8
1353     -11
1354     -13
1355     -8
1356     4
1357     -3
1358     -8
1359     21
1360     14
1361     2
1362     -19
1363     1
1364     -5
1365     -7
1366     16
1367     -6
1368     -24
1369     -2
1370     15
1371     -16
1372     7
1373     -11
1374     -14
1375     0
1376     5
1377     -13
1378     -12
1379     -2
1380     -2
1381     21
1382     -7
1383     -9
1384     7
1385     -5
1386     -18
1387     4
1388     8
1389     -10
1390     11
1391     -3
1392     -20
1393     13
1394     -16
1395     5
1396     3
1397     -10
1398     2
1399     18
1400     16
1401     -11
1402     -18
1403     6
1404     20
1405     7
1406     3
1407     -6
1408     18
1409     11
1410     6
1411     -4
1412     5
1413     -12
1414     -12
1415     -8
1416     7
1417     12
1418     -15
1419     9
1420     -10
1421     17
1422     5
1423     -15
1424     -13
1425     1
1426     10
1427     -10
1428     -13
1429     -23
1430     -8
1431     -21
1432     -4
1433     -10
1434     -13
1435     18
1436     0
1437     12
1438     9
1439     1
1440     -3
1441     -20
1442     8
1443     3
1444     -22
1445     17
1446     1
1447     -6
1448     9
1449     -6
1450     5
1451     -14
1452     -19
1453     -10
1454     12
1455     5
1456     -13
1457     -3
1458     9
1459     15
1460     6
1461     16
1462     6
1463     -10
1464     -14
1465     14
1466     -7
1467     -12
1468     11
1469     3
1470     -3
1471     -10
1472     -20
1473     -3
1474     10
1475     -13
1476     8
1477     9
1478     11
1479     14
1480     1
1481     -13
1482     6
1483     16
1484     4
1485     -1
1486     -6
1487     21
1488     -5
1489     2
1490     -6
1491     -18
1492     17
1493     4
1494     9
1495     1
1496     13
1497     21
1498     -16
1499     -4
1500     18
1501     -8
1502     -14
1503     0
1504     -6
1505     7
1506     -17
1507     -1
1508     17
1509     -17
1510     5
1511     -14
1512     -13
1513     20
1514     17
1515     -13
1516     11
1517     23
1518     9
1519     13
1520     -19
1521     -6
1522     -10
1523     -8
1524     11
1525     18
1526     11
1527     17
1528     19
1529     -3
1530     -7
1531     -17
1532     10
1533     -9
1534     3
1535     9
1536     -11
1537     2
1538     1
1539     9
1540     -15
1541     -2
1542     5
1543     21
1544     -12
1545     8
1546     15
1547     -22
1548     16
1549     -10
1550     -8
1551     12
1552     1
1553     6
1554     20
1555     -3
1556     19
1557     -18
1558     14
1559     26
1560     -17
1561     7
1562     1
1563     17
1564     -8
1565     -14
1566     -12
1567     -5
1568     -17
1569     14
1570     -2
1571     2
1572     12
1573     -8
1574     -10
1575     -20
1576     -15
1577     -5
1578     14
1579     -13
1580     15
1581     3
1582     -3
1583     12
1584     -17
1585     4
1586     21
1587     15
1588     -9
1589     14
1590     -7
1591     -22
1592     5
1593     4
1594     16
1595     9
1596     -12
1597     6
1598     9
1599     9
1600     16
1601     -12
1602     8
1603     -8
1604     13
1605     21
1606     3
1607     21
1608     0
1609     -1
1610     11
1611     -17
1612     -10
1613     15
1614     20
1615     14
1616     13
1617     -13
1618     -22
1619     -2
1620     -10
1621     12
1622     0
1623     9
1624     23
1625     -6
1626     13
1627     18
1628     2
1629     -8
1630     7
1631     11
1632     16
1633     22
1634     -7
1635     -3
1636     -20
1637     -1
1638     -5
1639     -11
1640     -4
1641     -10
1642     5
1643     -5
1644     14
1645     1
1646     -17
1647     6
1648     0
1649     -9
1650     8
1651     15
1652     -19
1653     -9
1654     -5
1655     9
1656     23
1657     -11
1658     -9
1659     6
1660     6
1661     -10
1662     3
1663     15
1664     10
1665     4
1666     -7
1667     -7
1668     -12
1669     7
1670     -8
1671     7
1672     21
1673     13
1674     22
1675     -10
1676     15
1677     -5
1678     -11
1679     6
1680     -21
1681     19
1682     8
1683     12
1684     5
1685     -10
1686     -7
1687     -2
1688     -6
1689     1
1690     16
1691     0
1692     3
1693     9
1694     7
1695     -16
1696     9
1697     14
1698     7
1699     11
1700     13
1701     -1
1702     16
1703     -9
1704     1
1705     11
1706     -4
1707     22
1708     -10
1709     -5
1710     -13
1711     -24
1712     -5
1713     6
1714     5
1715     -1
1716     -2
1717     -16
1718     -8
1719     14
1720     -5
1721     -9
1722     -10
1723     -22
1724     -13
1725     4
1726     -5
1727     13
1728     3
1729     10
1730     -11
1731     8
1732     -4
1733     -18
1734     20
1735     -3
1736     -14
1737     -16
1738     18
1739     5
1740     -7
1741     -16
1742     9
1743     24
1744     8
1745     13
1746     -6
1747     -15
1748     2
1749     15
1750     -9
1751     -14
1752     -16
1753     11
1754     8
1755     14
1756     22
1757     -8
1758     -10
1759     -18
1760     15
1761     20
1762     -13
1763     -9
1764     2
1765     -6
1766     -7
1767     11
1768     -10
1769     19
1770     21
1771     -3
1772     7
1773     21
1774     15
1775     -16
1776     1
1777     -4
1778     -10
1779     -6
1780     14
1781     2
1782     3
1783     3
1784     10
1785     -10
1786     7
1787     18
1788     12
1789     2
1790     -19
1791     2
1792     0
1793     7
1794     -1
1795     -16
1796     -21
1797     14
1798     13
1799     -17
1800     9
1801     7
1802     -14
1803     -10
1804     -17
1805     17
1806     16
1807     -5
1808     -17
1809     -24
1810     10
1811     -13
1812     -19
1813     -20
1814     -17
1815     -7
1816     -7
1817     -8
1818     -11
1819     -7
1820     -10
1821     -16
1822     -16
1823     11
1824     2
1825     13
1826     16
1827     -1
1828     5
1829     7
1830     5
1831     16
1832     -2
1833     3
1834     -3
1835     -20
1836     -18
1837     4
1838     17
1839     3
1840     1
1841     6
1842     20
1843     -2
1844     -10
1845     -9
1846     -16
1847     -20
1848     -9
1849     -1
1850     -2
1851     -6
1852     -14
1853     -11
1854     -12
1855     -5
1856     -10
1857     10
1858     -4
1859     -5
1860     -8
1861     -3
1862     12
1863     -13
1864     3
1865     -15
1866     12
1867     12
1868     2
1869     7
1870     -1
1871     8
1872     5
1873     19
1874     14
1875     -2
1876     15
1877     -14
1878     -20
1879     20
1880     -15
1881     -15
1882     7
1883     -9
1884     -15
1885     -2
1886     -8
1887     -5
1888     21
1889     -6
1890     3
1891     4
1892     -8
1893     10
1894     15
1895     6
1896     -16
1897     18
1898     -17
1899     -9
1900     -11
1901     -10
1902     21
1903     -14
1904     11
1905     3
1906     -3
1907     -3
1908     16
1909     -5
1910     -5
1911     5
1912     -23
1913     3
1914     12
1915     -5
1916     17
1917     16
1918     6
1919     -17
1920     8
1921     20
1922     -14
1923     2
1924     -7
1925     -2
1926     -21
1927     -8
1928     -3
1929     6
1930     9
1931     -6
1932     7
1933     4
1934     8
1935     -17
1936     6
1937     6
1938     15
1939     -2
1940     9
1941     19
1942     11
1943     0
1944     -18
1945     -10
1946     3
1947     8
1948     -19
1949     -13
1950     -3
1951     19
1952     -13
1953     -1
1954     -10
1955     -24
1956     -12
1957     -16
1958     0
1959     -13
1960     15
1961     -9
1962     -13
1963     11
1964     5
1965     6
1966     -13
1967     -3
1968     -10
1969     9
1970     1
1971     3
1972     15
1973     -9
1974     16
1975     -13
1976     -18
1977     9
1978     -12
1979     11
1980     11
1981     -6
1982     4
1983     9
1984     6
1985     -5
1986     -6
1987     11
1988     11
1989     -11
1990     -9
1991     9
1992     14
1993     17
1994     -1
1995     -4
1996     -4
1997     -6
1998     17
1999     -13
2000     -23
2001     9
2002     18
2003     19
2004     14
2005     16
2006     4
2007     5
2008     15
2009     -15
2010     -2
2011     5
2012     17
2013     -14
2014     13
2015     20
2016     -7
2017     5
2018     2
2019     -2
2020     -18
2021     -5
2022     -5
2023     11
2024     12
2025     6
2026     -12
2027     10
2028     22
2029     4
2030     13
2031     12
2032     -21
2033     -7
2034     17
2035     -16
2036     14
2037     -2
2038     10
2039     -7
2040     -19
2041     4
2042     4
2043     16
2044     14
2045     10
2046     10
2047     -7
2048     -17
2049     0
2050     8
2051     7
2052     -6
2053     3
2054     -14
2055     9
2056     15
2057     -18
2058     4
2059     10
2060     -13
2061     -3
2062     -16
2063     10
2064     -5
2065     -16
2066     -11
2067     -15
2068     5
2069     -10
2070     1
2071     0
2072     -7
2073     -22
2074     14
2075     21
2076     14
2077     10
2078     -15
2079     12
2080     -13
2081     -16
2082     11
2083     7
2084     -9
2085     -12
2086     17
2087     5
2088     -14
2089     6
2090     9
2091     5
2092     15
2093     14
2094     -2
2095     -19
2096     -18
2097     -14
2098     -21
2099     3
2100     7
2101     11
2102     6
2103     9
2104     12
2105     -13
2106     18
2107     -9
2108     0
2109     14
2110     16
2111     17
2112     -6
2113     19
2114     7
2115     -18
2116     1
2117     -5
2118     3
2119     11
2120     -7
2121     16
2122     -19
2123     11
2124     24
2125     -12
2126     0
2127     -14
2128     5
2129     -10
2130     -19
2131     3
2132     2
2133     -14
2134     0
2135     -11
2136     16
2137     18
2138     -9
2139     12
2140     -18
2141     7
2142     18
2143     5
2144     -5
2145     11
2146     3
2147     5
2148     -14
2149     -14
2150     10
2151     -13
2152     16
2153     -6
2154     -12
2155     -5
2156     -2
2157     -12
2158     -10
2159     -1
2160     15
2161     17
2162     -14
2163     14
2164     -2
2165     11
2166     13
2167     1
2168     -8
2169     -12
2170     -10
2171     7
2172     6
2173     -19
2174     2
2175     14
2176     16
2177     5
2178     5
2179     21
2180     12
2181     2
2182     9
2183     6
2184     -19
2185     -14
2186     -13
2187     13
2188     19
2189     -17
2190     12
2191     17
2192     6
2193     -14
2194     -14
2195     4
2196     9
2197     -5
2198     12
2199     1
2200     -12
2201     -3
2202     8
2203     16
2204     3
2205     6
