1     -20
2     -17
3     14
4     -22
5     -17
6     18
7     -14
8     1
9     0
10     2
11     11
12     -10
13     13
14     0
15     -11
16     5
17     10
18     0
19     6
20     -13
21     9
22     17
23     -20
24     -7
25     -11
26     -3
27     -12
28     -22
29     8
30     13
31     -3
32     -3
33     -4
34     5
35     -2
36     -8
37     -15
38     -17
39     23
40     10
41     -4
42     13
43     0
44     -6
45     19
46     -6
47     -18
48     3
49     -13
50     -5
51     -9
52     9
53     -1
54     0
55     13
56     0
57     4
58     4
59     -6
60     15
61     3
62     -15
63     14
64     -5
65     8
66     -22
67     -16
68     10
69     -20
70     11
71     -3
72     -18
73     6
74     18
75     -7
76     -7
77     1
78     -14
79     0
80     -13
81     9
82     11
83     -6
84     10
85     14
86     -22
87     -18
88     -17
89     -17
90     10
91     6
92     15
93     -21
94     -2
95     22
96     14
97     14
98     3
99     6
100     8
101     -10
102     -21
103     19
104     -4
105     -5
106     18
107     -5
108     10
109     -20
110     3
111     -1
112     -19
113     11
114     3
115     13
116     -14
117     1
118     6
119     -15
120     -8
121     -14
122     -7
123     -6
124     17
125     -7
126     8
127     15
128     -22
129     -10
130     2
131     -20
132     -9
133     -9
134     -19
135     -5
136     2
137     9
138     -11
139     5
140     8
141     19
142     21
143     13
144     -7
145     -23
146     3
147     -3
148     11
149     11
150     1
151     18
152     4
153     -3
154     9
155     -18
156     12
157     16
158     -15
159     -23
160     -13
161     -6
162     -16
163     12
164     -18
165     -9
166     -10
167     -3
168     -19
169     -5
170     -5
171     -14
172     15
173     1
174     12
175     -8
176     2
177     -9
178     12
179     15
180     -9
181     -11
182     -2
183     -17
184     1
185     16
186     -8
187     -1
188     -3
189     10
190     6
191     15
192     20
193     19
194     0
195     19
196     0
197     -10
198     -3
199     -5
200     17
201     -21
202     -8
203     3
204     6
205     4
206     -10
207     -12
208     -16
209     -3
210     -21
211     -11
212     9
213     -1
214     -20
215     -17
216     -19
217     -10
218     5
219     -19
220     19
221     15
222     7
223     10
224     -11
225     -9
226     12
227     -3
228     -18
229     -8
230     -19
231     -11
232     -12
233     12
234     16
235     5
236     -5
237     -7
238     2
239     0
240     -8
241     15
242     5
243     -13
244     -8
245     -15
246     4
247     17
248     10
249     12
250     9
251     -7
252     -11
253     -18
254     -20
255     -14
256     14
257     18
258     -13
259     -14
260     -2
261     -1
262     -2
263     -11
264     1
265     7
266     -19
267     -20
268     -4
269     -1
270     18
271     13
272     -18
273     -21
274     -18
275     -7
276     -16
277     -7
278     2
279     -9
280     -5
281     -13
282     -5
283     -9
284     2
285     17
286     4
287     -7
288     -4
289     -9
290     -16
291     5
292     -12
293     -4
294     -1
295     -9
296     8
297     6
298     -2
299     -22
300     -11
301     -11
302     -6
303     18
304     -7
305     12
306     3
307     -11
308     18
309     8
310     -15
311     7
312     7
313     -17
314     9
315     10
316     3
317     -14
318     16
319     8
320     -8
321     2
322     1
323     0
324     -6
325     24
326     11
327     -13
328     9
329     -13
330     -14
331     2
332     8
333     -19
334     19
335     9
336     -16
337     7
338     -14
339     11
340     -21
341     0
342     -18
343     -15
344     5
345     -20
346     -21
347     -10
348     15
349     -15
350     22
351     14
352     16
353     13
354     9
355     9
356     -12
357     4
358     -11
359     11
360     -10
361     -16
362     9
363     7
364     1
365     4
366     -8
367     -21
368     -16
369     12
370     9
371     3
372     -3
373     -9
374     -7
375     -11
376     7
377     -1
378     -12
379     6
380     -4
381     -14
382     10
383     6
384     -20
385     1
386     11
387     23
388     7
389     -14
390     -5
391     -7
392     -11
393     -17
394     18
395     -14
396     -2
397     13
398     -26
399     1
400     11
401     -15
402     -11
403     -15
404     -6
405     7
406     11
407     5
408     -22
409     6
410     14
411     -2
412     11
413     1
414     0
415     -15
416     -12
417     -3
418     -20
419     -17
420     2
421     6
422     1
423     12
424     -19
425     -15
426     11
427     9
428     15
429     -4
430     4
431     -20
432     -19
433     -18
434     -13
435     18
436     7
437     6
438     14
439     -1
440     -15
441     6
442     -17
443     13
444     6
445     -12
446     -18
447     -15
448     15
449     12
450     9
451     -2
452     -8
453     -1
454     17
455     -12
456     11
457     -4
458     -12
459     -5
460     15
461     10
462     -21
463     -1
464     16
465     14
466     -3
467     -2
468     -3
469     16
470     -3
471     -22
472     -9
473     -5
474     -18
475     21
476     18
477     -5
478     -3
479     15
480     9
481     -15
482     9
483     -3
484     9
485     -11
486     -6
487     -19
488     2
489     20
490     8
491     7
492     -15
493     15
494     -9
495     10
496     7
497     -18
498     -3
499     0
500     17
501     10
502     9
503     -14
504     6
505     -8
506     -5
507     17
508     -15
509     19
510     -3
511     11
512     8
513     -10
514     19
515     4
516     13
517     6
518     -8
519     23
520     9
521     8
522     0
523     -16
524     3
525     -18
526     -4
527     -1
528     16
529     18
530     -9
531     1
532     8
533     4
534     15
535     -17
536     6
537     -2
538     -19
539     8
540     -15
541     8
542     -10
543     -5
544     -4
545     -3
546     12
547     -12
548     21
549     14
550     23
551     13
552     -13
553     -13
554     5
555     10
556     -15
557     16
558     -4
559     -19
560     -13
561     22
562     16
563     -21
564     -4
565     6
566     19
567     -21
568     5
569     10
570     -11
571     -14
572     -16
573     -4
574     -18
575     9
576     -17
577     -2
578     13
579     -11
580     4
581     7
582     -4
583     6
584     14
585     -5
586     1
587     -20
588     -9
589     -20
590     -12
591     18
592     -4
593     -4
594     -14
595     4
596     -2
597     4
598     22
599     11
600     -16
601     9
602     12
603     -11
604     11
605     0
606     -14
607     -24
608     1
609     0
610     -17
611     9
612     2
613     21
614     -16
615     -18
616     -16
617     14
618     15
619     -12
620     21
621     -14
622     -4
623     -10
624     -7
625     -3
626     10
627     9
628     -7
629     0
630     5
631     1
632     -4
633     21
634     11
635     17
636     21
637     3
638     -2
639     6
640     -2
641     -5
642     2
643     -21
644     -7
645     12
646     -5
647     -11
648     21
649     14
650     -17
651     9
652     0
653     7
654     -14
655     -11
656     0
657     -2
658     4
659     -15
660     23
661     0
662     -9
663     16
664     0
665     -4
666     11
667     -9
668     -10
669     13
670     -2
671     12
672     9
673     1
674     -12
675     -12
676     -13
677     -1
678     -3
679     -1
680     -6
681     -11
682     -1
683     4
684     2
685     -19
686     8
687     2
688     -12
689     -16
690     4
691     9
692     -2
693     10
694     1
695     7
696     -4
697     -10
698     22
699     18
700     -8
701     14
702     9
703     -20
704     20
705     18
706     -20
707     -8
708     -9
709     -11
710     18
711     -7
712     -17
713     7
714     -1
715     13
716     -17
717     2
718     1
719     1
720     10
721     -2
722     9
723     -13
724     5
725     0
726     -9
727     9
728     5
729     -4
730     10
731     -17
732     -9
733     -14
734     -19
735     17
736     19
737     9
738     -4
739     -22
740     -20
741     -11
742     7
743     -19
744     -11
745     -1
746     -12
747     10
748     -18
749     14
750     17
751     15
752     22
753     16
754     20
755     -9
756     -14
757     3
758     22
759     13
760     11
761     5
762     -10
763     11
764     19
765     17
766     -10
767     6
768     5
769     8
770     -6
771     -23
772     10
773     -3
774     14
775     -1
776     -6
777     6
778     -6
779     -6
780     -4
781     12
782     11
783     12
784     14
785     17
786     3
787     1
788     -9
789     -1
790     8
791     -9
792     -6
793     5
794     -7
795     -18
796     -19
797     8
798     -16
799     -16
800     15
801     15
802     5
803     -12
804     1
805     -12
806     8
807     4
808     0
809     -18
810     -7
811     14
812     16
813     14
814     -17
815     -10
816     10
817     15
818     14
819     -3
820     -11
821     12
822     12
823     2
824     -4
825     20
826     -8
827     1
828     20
829     -2
830     1
831     2
832     -22
833     -9
834     15
835     -21
836     19
837     12
838     -16
839     13
840     0
841     -4
842     0
843     5
844     -12
845     -15
846     -7
847     5
848     2
849     13
850     17
851     -12
852     1
853     12
854     18
855     -19
856     -4
857     12
858     0
859     -13
860     -22
861     2
862     -13
863     -6
864     17
865     -4
866     -5
867     5
868     -17
869     -16
870     13
871     -4
872     -14
873     3
874     2
875     13
876     17
877     9
878     16
879     10
880     17
881     9
882     2
883     12
884     17
885     0
886     -8
887     -19
888     11
889     15
890     -13
891     -20
892     -18
893     10
894     0
895     5
896     -21
897     -10
898     -5
899     11
900     11
901     -2
902     13
903     -14
904     3
905     20
906     16
907     -11
908     6
909     -3
910     5
911     20
912     -17
913     -10
914     -16
915     2
916     10
917     -2
918     -10
919     -11
920     -15
921     2
922     18
923     -22
924     -2
925     20
926     11
927     14
928     12
929     -11
930     -21
931     7
932     -3
933     5
934     1
935     -2
936     -6
937     -18
938     10
939     -13
940     0
941     21
942     11
943     4
944     7
945     -2
946     21
947     4
948     -8
949     8
950     -19
951     -22
952     -12
953     2
954     -2
955     18
956     -14
957     -13
958     3
959     15
960     20
961     0
962     7
963     -12
964     -16
965     -10
966     3
967     11
968     -23
969     -18
970     1
971     -21
972     0
973     4
974     -1
975     -17
976     -1
977     19
978     -2
979     21
980     -11
981     -4
982     -6
983     -4
984     13
985     12
986     10
987     -10
988     1
989     3
990     7
991     9
992     -13
993     -14
994     11
995     -19
996     -7
997     -8
998     1
999     -17
1000     -11
1001     -6
1002     -13
1003     22
1004     -22
1005     -14
1006     14
1007     3
1008     -2
1009     18
1010     -9
1011     -10
1012     15
1013     -4
1014     12
1015     7
1016     3
1017     -7
1018     8
1019     -1
1020     -20
1021     15
1022     20
1023     -7
1024     13
1025     3
1026     -8
1027     12
1028     -15
1029     0
1030     3
1031     -2
1032     1
1033     12
1034     -11
1035     -7
1036     -1
1037     6
1038     0
1039     -15
1040     10
1041     -14
1042     8
1043     4
1044     -6
1045     2
1046     5
1047     4
1048     4
1049     -3
1050     11
1051     19
1052     10
1053     -9
1054     -2
1055     16
1056     -7
1057     -2
1058     -6
1059     9
1060     17
1061     -18
1062     -16
1063     9
1064     -8
1065     21
1066     11
1067     -9
1068     15
1069     16
1070     3
1071     -12
1072     15
1073     -13
1074     -19
1075     -18
1076     -4
1077     -16
1078     -11
1079     -5
1080     -15
1081     7
1082     13
1083     4
1084     -14
1085     10
1086     12
1087     13
1088     -13
1089     9
1090     21
1091     5
1092     -5
1093     -25
1094     14
1095     12
1096     -15
1097     14
1098     -9
1099     5
1100     17
1101     -6
1102     14
1103     -10
1104     -6
1105     19
1106     7
1107     -4
1108     -18
1109     11
1110     14
1111     -8
1112     1
1113     2
1114     22
1115     13
1116     9
1117     -4
1118     -5
1119     16
1120     -9
1121     -7
1122     -4
1123     -15
1124     -14
1125     -4
1126     10
1127     15
1128     4
1129     9
1130     1
1131     -10
1132     21
1133     12
1134     -5
1135     7
1136     -14
1137     3
1138     20
1139     9
1140     -14
1141     -16
1142     15
1143     17
1144     -18
1145     -5
1146     6
1147     -12
1148     18
1149     6
1150     4
1151     7
1152     2
1153     12
1154     -22
1155     -2
1156     9
1157     -11
1158     -17
1159     -10
1160     11
1161     -10
1162     13
1163     2
1164     20
1165     -10
1166     -12
1167     1
1168     -7
1169     3
1170     -14
1171     11
1172     14
1173     12
1174     6
1175     -1
1176     -16
1177     3
1178     -3
1179     -17
1180     -6
1181     13
1182     6
1183     -4
1184     0
1185     10
1186     -7
1187     -17
1188     2
1189     2
1190     1
1191     7
1192     -16
1193     16
1194     4
1195     -10
1196     -9
1197     -18
1198     9
1199     2
1200     0
1201     3
1202     1
1203     3
1204     11
1205     -12
1206     3
1207     17
1208     -1
1209     -2
1210     9
1211     20
1212     -10
1213     -20
1214     24
1215     18
1216     -7
1217     3
1218     -17
1219     -14
1220     -13
1221     1
1222     10
1223     13
1224     0
1225     -17
1226     10
1227     -13
1228     -8
1229     22
1230     -26
1231     0
1232     16
1233     -10
1234     15
1235     -9
1236     2
1237     -1
1238     18
1239     14
1240     -14
1241     -7
1242     -2
1243     9
1244     5
1245     13
1246     9
1247     4
1248     15
1249     -14
1250     -20
1251     -17
1252     12
1253     9
1254     19
1255     10
1256     -7
1257     8
1258     8
1259     9
1260     -4
1261     12
1262     -10
1263     6
1264     11
1265     9
1266     -16
1267     -22
1268     7
1269     14
1270     20
1271     -18
1272     -12
1273     16
1274     -15
1275     -17
1276     4
1277     8
1278     -15
1279     -8
1280     -8
1281     17
1282     -5
1283     -12
1284     13
1285     -18
1286     6
1287     0
1288     -12
1289     -6
1290     7
1291     -6
1292     16
1293     22
1294     -7
1295     4
1296     16
1297     -1
1298     -18
1299     -10
1300     6
1301     14
1302     10
1303     0
1304     -16
1305     -3
1306     9
1307     -7
1308     3
1309     3
1310     -16
1311     12
1312     15
1313     -5
1314     -19
1315     -19
1316     -15
1317     -12
1318     2
1319     11
1320     14
1321     -1
1322     2
1323     10
1324     -23
1325     -3
1326     11
1327     -17
1328     19
1329     7
1330     9
1331     -10
1332     3
1333     7
1334     -21
1335     -7
1336     -23
1337     -20
1338     -14
1339     -6
1340     -16
1341     -11
1342     16
1343     3
1344     16
1345     9
1346     -5
1347     14
1348     14
1349     20
1350     18
1351     -1
1352     1
1353     -7
1354     -4
1355     10
1356     5
1357     15
1358     -3
1359     -7
1360     11
1361     8
1362     1
1363     3
1364     -18
1365     -6
1366     9
1367     -11
1368     6
1369     -18
1370     -4
1371     4
1372     -18
1373     15
1374     9
1375     21
1376     18
1377     -7
1378     -9
1379     -3
1380     13
1381     18
1382     -4
1383     -14
1384     -13
1385     18
1386     17
1387     4
1388     10
1389     5
1390     15
1391     -2
1392     18
1393     -15
1394     -19
1395     9
1396     -7
1397     4
1398     13
1399     -22
1400     -10
1401     -4
1402     -19
1403     3
1404     -7
1405     -7
1406     -8
1407     -6
1408     0
1409     18
1410     5
1411     18
1412     13
1413     -18
1414     -16
1415     -6
1416     15
1417     15
1418     13
1419     -10
1420     1
1421     12
1422     -2
1423     -1
1424     -12
1425     11
1426     12
1427     -2
1428     12
1429     3
1430     -18
1431     -2
1432     16
1433     -12
1434     -14
1435     -18
1436     10
1437     -14
1438     -18
1439     15
1440     -6
1441     8
1442     10
1443     11
1444     21
1445     -1
1446     -16
1447     8
1448     -2
1449     -17
1450     9
1451     -8
1452     -9
1453     -4
1454     -11
1455     2
1456     -4
1457     11
1458     21
1459     2
1460     -10
1461     17
1462     14
1463     -9
1464     -13
1465     -13
1466     -19
1467     -14
1468     -13
1469     -5
1470     -2
1471     -3
1472     9
1473     -5
1474     -12
1475     -1
1476     1
1477     -5
1478     12
1479     14
1480     8
1481     4
1482     -8
1483     4
1484     -7
1485     9
1486     20
1487     -19
1488     -17
1489     -7
1490     -21
1491     -3
1492     -11
1493     12
1494     15
1495     4
1496     12
1497     -13
1498     -4
1499     24
1500     7
1501     2
1502     17
1503     -18
1504     16
1505     -3
1506     7
1507     -6
1508     -18
1509     5
1510     -14
1511     -5
1512     -3
1513     5
1514     -16
1515     -9
1516     -3
1517     -5
1518     -14
1519     6
1520     -14
1521     -5
1522     9
1523     -15
1524     3
1525     -11
1526     10
1527     -2
1528     10
1529     13
1530     -1
1531     -4
1532     14
1533     -7
1534     -17
1535     -6
1536     2
1537     12
1538     -14
1539     21
1540     8
1541     -8
1542     16
1543     16
1544     -16
1545     6
1546     13
1547     -3
1548     16
1549     -12
1550     -7
1551     7
1552     16
1553     12
1554     -5
1555     0
1556     10
1557     -2
1558     17
1559     -14
1560     -3
1561     19
1562     -17
1563     18
1564     16
1565     11
1566     -13
1567     -10
1568     8
1569     1
1570     19
1571     7
1572     13
1573     -2
1574     -14
1575     4
1576     13
1577     7
1578     8
1579     4
1580     3
1581     10
1582     8
1583     18
1584     17
1585     0
1586     -20
1587     -4
1588     10
1589     -3
1590     23
1591     15
1592     20
1593     13
1594     -19
1595     3
1596     17
1597     1
1598     17
1599     17
1600     -7
1601     19
1602     -16
1603     -3
1604     3
1605     6
1606     -14
1607     -12
1608     -3
1609     -6
1610     16
1611     -15
1612     18
1613     -1
1614     8
1615     21
1616     -24
1617     -3
1618     -9
1619     -9
1620     10
1621     -18
1622     3
1623     -18
1624     -9
1625     8
1626     5
1627     -1
1628     -14
1629     13
1630     0
1631     -1
1632     3
1633     20
1634     10
1635     -15
1636     19
1637     -2
1638     -18
1639     8
1640     1
1641     3
1642     -11
1643     -6
1644     17
1645     -13
1646     -8
1647     2
1648     -19
1649     -2
1650     -15
1651     9
1652     14
1653     5
1654     -5
1655     -15
1656     -20
1657     -14
1658     8
1659     -22
1660     -19
1661     21
1662     -6
1663     -5
1664     13
1665     4
1666     4
1667     -19
1668     9
1669     6
1670     -14
1671     20
1672     -5
1673     -15
1674     15
1675     4
1676     -22
1677     -6
1678     13
1679     -1
1680     3
1681     8
1682     14
1683     4
1684     0
1685     -5
1686     10
1687     4
1688     -22
1689     -4
1690     1
1691     -11
1692     1
1693     8
1694     -22
1695     1
1696     -7
1697     -5
1698     -7
1699     -4
1700     8
1701     -14
1702     14
1703     -15
1704     -3
1705     17
1706     12
1707     -5
1708     7
1709     -16
1710     -16
1711     -4
1712     -18
1713     4
1714     9
1715     -7
1716     -13
1717     20
1718     -4
1719     -5
1720     11
1721     9
1722     17
1723     -20
1724     -13
1725     0
1726     -12
1727     -3
1728     -20
1729     15
1730     16
1731     -19
1732     -18
1733     -19
1734     -6
1735     12
1736     18
1737     -8
1738     5
1739     10
1740     -7
1741     12
1742     -1
1743     -20
1744     -20
1745     22
1746     9
1747     15
1748     3
1749     -8
1750     11
1751     -4
1752     8
1753     4
1754     6
1755     -16
1756     0
1757     1
1758     10
1759     3
1760     -9
1761     15
1762     13
1763     -18
1764     -13
1765     -16
1766     -11
1767     15
1768     -17
1769     -17
1770     2
1771     -2
1772     -22
1773     -11
1774     18
1775     -5
1776     -21
1777     20
1778     4
1779     -18
1780     -4
1781     -1
1782     17
1783     -17
1784     -5
1785     19
1786     -3
1787     -7
1788     8
1789     -13
1790     -7
1791     -6
1792     -11
1793     4
1794     -4
1795     -17
1796     -3
1797     15
1798     0
1799     0
1800     20
1801     20
1802     5
1803     -6
1804     22
1805     14
1806     -11
1807     -17
1808     -16
1809     8
1810     3
1811     13
1812     15
1813     19
1814     2
1815     -14
1816     -11
1817     0
1818     16
1819     -13
1820     -13
1821     15
1822     -3
1823     -16
1824     -11
1825     -11
1826     6
1827     -17
1828     6
1829     11
1830     -3
1831     26
1832     11
1833     6
1834     16
1835     2
1836     17
1837     -11
1838     -7
1839     21
1840     -15
1841     -12
1842     2
1843     3
1844     10
1845     -14
1846     -10
1847     18
1848     13
1849     19
1850     17
1851     -21
1852     -17
1853     2
1854     1
1855     9
1856     -8
1857     15
1858     20
1859     -14
1860     -19
1861     15
1862     4
1863     -9
1864     17
1865     -21
1866     -8
1867     -7
1868     -5
1869     -5
1870     -8
1871     9
1872     -9
1873     -7
1874     -16
1875     -20
1876     -13
1877     -11
1878     -2
1879     3
1880     -11
1881     16
1882     -20
1883     -16
1884     12
1885     -10
1886     2
1887     20
1888     13
1889     -8
1890     19
1891     13
1892     3
1893     1
1894     -18
1895     11
1896     20
1897     17
1898     9
1899     -6
1900     11
1901     18
1902     -8
1903     -2
1904     -14
1905     -12
1906     3
1907     19
1908     16
1909     5
1910     3
1911     -14
1912     14
1913     -20
1914     12
1915     12
1916     1
1917     22
1918     -11
1919     3
1920     -8
1921     -6
1922     -10
1923     2
1924     -12
1925     -8
1926     2
1927     -3
1928     16
1929     -9
1930     0
1931     -1
1932     12
1933     17
1934     8
1935     -16
1936     -12
1937     21
1938     10
1939     -2
1940     -4
1941     -17
1942     -12
1943     -15
1944     18
1945     5
1946     -16
1947     -5
1948     0
1949     -19
1950     -14
1951     19
1952     -21
1953     -6
1954     5
1955     -3
1956     -15
1957     16
1958     17
1959     -12
1960     4
1961     -11
1962     1
1963     3
1964     -9
1965     6
1966     4
1967     4
1968     8
1969     -2
1970     14
1971     1
1972     18
1973     15
1974     -3
1975     -1
1976     -23
1977     3
1978     1
1979     0
1980     -11
1981     0
1982     15
1983     6
1984     -3
1985     -1
1986     3
1987     -18
1988     13
1989     -19
1990     14
1991     19
1992     -13
1993     -10
1994     -18
1995     5
1996     -7
1997     -1
1998     -13
1999     -15
2000     -11
2001     10
2002     13
2003     -3
2004     -1
2005     -4
2006     16
2007     18
2008     5
2009     1
2010     -21
2011     -1
2012     13
2013     -11
2014     -1
2015     -6
2016     3
2017     -5
2018     -9
2019     -9
2020     11
2021     5
2022     14
2023     19
2024     14
2025     5
2026     -15
2027     -5
2028     1
2029     11
2030     -8
2031     11
2032     -13
2033     3
2034     21
2035     14
2036     -2
2037     -9
2038     4
2039     -1
2040     -4
2041     -4
2042     -5
2043     -17
2044     6
2045     4
2046     4
2047     7
2048     -5
2049     -3
2050     -11
2051     3
2052     13
2053     -19
2054     2
2055     5
2056     -8
2057     2
2058     -6
2059     -11
2060     -8
2061     17
2062     4
2063     4
2064     2
2065     -21
2066     -7
2067     -15
2068     -17
2069     12
2070     20
2071     9
2072     -16
2073     -12
2074     -6
2075     17
2076     3
2077     -11
2078     3
2079     20
2080     12
2081     4
2082     1
2083     -9
2084     -19
2085     -12
2086     20
2087     1
2088     -15
2089     -15
2090     2
2091     9
2092     -6
2093     2
2094     9
2095     -19
2096     9
2097     17
2098     2
2099     21
2100     -14
2101     -7
2102     -5
2103     -2
2104     2
2105     -13
2106     6
2107     -15
2108     -8
2109     -10
2110     1
2111     18
2112     14
2113     -9
2114     -12
2115     -12
2116     -15
2117     15
2118     14
2119     18
2120     15
2121     15
2122     -17
2123     3
2124     11
2125     -24
2126     -12
2127     -4
2128     -14
2129     -22
2130     8
2131     11
2132     -8
2133     -5
2134     -11
2135     9
2136     15
2137     13
2138     12
2139     10
2140     2
2141     11
2142     20
2143     -7
2144     22
2145     7
2146     -8
2147     12
2148     -3
2149     19
2150     1
2151     13
2152     19
2153     13
2154     -12
2155     5
2156     17
2157     -14
2158     11
2159     -14
2160     -2
2161     -6
2162     -22
2163     -6
2164     1
2165     12
2166     -14
2167     -17
2168     11
2169     9
2170     -24
2171     -13
2172     13
2173     -20
2174     12
2175     19
2176     -2
2177     11
2178     16
2179     -19
2180     -18
2181     -14
2182     -16
2183     2
2184     -12
2185     9
2186     5
2187     16
2188     9
2189     18
2190     -17
2191     -21
2192     13
2193     6
2194     18
2195     -23
2196     -15
2197     -24
2198     -11
2199     11
2200     -17
2201     -10
2202     -12
2203     -10
2204     -18
2205     -22
