1     4
2     10
3     12
4     -13
5     14
6     -5
7     -22
8     -7
9     -3
10     -4
11     -12
12     1
13     0
14     -6
15     15
16     7
17     11
18     9
19     -13
20     11
21     -11
22     -3
23     17
24     -8
25     15
26     6
27     -14
28     6
29     -10
30     -29
31     6
32     8
33     8
34     -3
35     -6
36     -6
37     12
38     -6
39     -9
40     19
41     -19
42     -7
43     -21
44     11
45     -9
46     2
47     14
48     -5
49     20
50     -15
51     -10
52     -1
53     -5
54     -19
55     -1
56     -9
57     13
58     0
59     -20
60     8
61     1
62     3
63     -11
64     13
65     8
66     -14
67     -16
68     -14
69     -18
70     5
71     -4
72     -5
73     11
74     1
75     17
76     -1
77     9
78     0
79     -19
80     11
81     3
82     -10
83     -5
84     -5
85     1
86     -13
87     -9
88     -13
89     10
90     -7
91     -20
92     -9
93     -16
94     19
95     -11
96     5
97     24
98     -4
99     2
100     3
101     -13
102     1
103     6
104     9
105     -5
106     -19
107     4
108     8
109     -14
110     -13
111     -4
112     12
113     16
114     -1
115     21
116     -2
117     -7
118     15
119     -10
120     -13
121     7
122     -5
123     16
124     1
125     -12
126     10
127     -9
128     16
129     1
130     8
131     10
132     -4
133     4
134     2
135     -15
136     10
137     0
138     -5
139     6
140     -24
141     3
142     -2
143     -14
144     -8
145     5
146     12
147     12
148     5
149     7
150     2
151     -10
152     -13
153     -20
154     -16
155     -16
156     -2
157     -16
158     -23
159     -5
160     10
161     -7
162     5
163     -10
164     -2
165     28
166     -22
167     8
168     -6
169     9
170     -4
171     2
172     -2
173     -16
174     17
175     -24
176     10
177     -6
178     6
179     7
180     10
181     19
182     -18
183     -8
184     5
185     5
186     2
187     6
188     12
189     22
190     -16
191     -6
192     -13
193     3
194     25
195     11
196     -2
197     7
198     2
199     -11
200     -10
201     9
202     5
203     -22
204     6
205     10
206     18
207     7
208     7
209     1
210     6
211     5
212     -17
213     -14
214     -19
215     -14
216     9
217     -10
218     -6
219     -2
220     2
221     13
222     6
223     5
224     1
225     -1
226     -15
227     -26
228     4
229     12
230     -16
231     -22
232     -3
233     2
234     -17
235     -2
236     1
237     10
238     12
239     -7
240     1
241     17
242     -6
243     -25
244     12
245     15
246     14
247     1
248     3
249     -6
250     4
251     -2
252     -23
253     -12
254     6
255     4
256     -11
257     -13
258     1
259     -5
260     4
261     -5
262     -5
263     28
264     0
265     -5
266     25
267     2
268     -22
269     -4
270     9
271     12
272     -3
273     -17
274     -18
275     24
276     -5
277     -1
278     6
279     -12
280     16
281     5
282     12
283     -15
284     -8
285     13
286     10
287     -13
288     -2
289     -17
290     -3
291     26
292     7
293     -12
294     -7
295     1
296     10
297     14
298     -1
299     21
300     1
301     -12
302     -18
303     -4
304     8
305     -6
306     -3
307     4
308     11
309     -20
310     -19
311     -19
312     6
313     -2
314     -12
315     9
316     4
317     19
318     17
319     21
320     1
321     -19
322     20
323     3
324     -7
325     6
326     1
327     -13
328     -5
329     24
330     0
331     0
332     19
333     -9
334     -12
335     11
336     21
337     13
338     -4
339     -11
340     -18
341     2
342     -11
343     7
344     2
345     -10
346     -9
347     -15
348     4
349     -13
350     -13
351     6
352     14
353     -2
354     -10
355     2
356     11
357     -9
358     -12
359     7
360     7
361     -7
362     -12
363     -1
364     -12
365     -10
366     -7
367     -9
368     -10
369     -21
370     6
371     7
372     -7
373     1
374     5
375     -21
376     2
377     23
378     7
379     -19
380     2
381     10
382     -17
383     10
384     13
385     10
386     -11
387     -11
388     12
389     5
390     -30
391     1
392     3
393     -16
394     -10
395     -16
396     -7
397     -19
398     9
399     5
400     9
401     7
402     -4
403     17
404     13
405     -12
406     1
407     1
408     -14
409     9
410     -3
411     4
412     -15
413     -8
414     13
415     9
416     -3
417     -7
418     -6
419     -22
420     8
421     -3
422     -3
423     -8
424     2
425     3
426     -3
427     10
428     -20
429     8
430     15
431     -6
432     -1
433     -11
434     8
435     5
436     -8
437     20
438     -10
439     -7
440     18
441     2
442     8
443     -4
444     -25
445     -1
446     21
447     18
448     21
449     20
450     17
451     21
452     -3
453     -9
454     -21
455     -4
456     -8
457     -7
458     21
459     -5
460     6
461     16
462     -4
463     -8
464     9
465     -16
466     7
467     10
468     -6
469     32
470     -5
471     -5
472     1
473     -19
474     -21
475     6
476     10
477     -17
478     -1
479     2
480     14
481     -13
482     4
483     6
484     10
485     15
486     7
487     14
488     -18
489     -12
490     4
491     11
492     -5
493     -1
494     12
495     6
496     -16
497     -13
498     -8
499     -12
500     -3
501     3
502     -3
503     -6
504     -7
505     -16
506     -2
507     -25
508     -7
509     10
510     -10
511     9
512     6
513     14
514     6
515     12
516     10
517     9
518     10
519     -10
520     -12
521     2
522     3
523     -22
524     14
525     -5
526     -8
527     5
528     2
529     22
530     6
531     10
532     19
533     -10
534     -7
535     -12
536     -3
537     21
538     5
539     17
540     19
541     4
542     -16
543     -14
544     -15
545     -9
546     -2
547     -19
548     -5
549     14
550     17
551     -5
552     8
553     4
554     -6
555     15
556     19
557     6
558     19
559     -8
560     -7
561     10
562     -2
563     23
564     0
565     1
566     1
567     17
568     -17
569     1
570     7
571     -26
572     -7
573     -1
574     -11
575     -10
576     18
577     -12
578     -8
579     -31
580     4
581     6
582     5
583     5
584     -12
585     1
586     1
587     3
588     -12
589     -1
590     -17
591     2
592     -9
593     -13
594     -25
595     -3
596     17
597     -11
598     11
599     2
600     1
601     -1
602     -14
603     -14
604     8
605     10
606     11
607     14
608     10
609     5
610     -2
611     8
612     16
613     4
614     5
615     14
616     4
617     -14
618     -4
619     7
620     -21
621     19
622     -6
623     2
624     12
625     -16
626     -8
627     -5
628     7
629     -19
630     6
631     20
632     6
633     -13
634     -7
635     14
636     16
637     14
638     -17
639     -13
640     -14
641     0
642     -5
643     1
644     10
645     4
646     20
647     3
648     -15
649     7
650     6
651     -14
652     -20
653     -4
654     12
655     -5
656     0
657     -6
658     0
659     9
660     -20
661     -2
662     6
663     -8
664     -1
665     -14
666     4
667     -12
668     -10
669     29
670     -6
671     -6
672     -13
673     -3
674     17
675     10
676     0
677     -26
678     -9
679     -5
680     9
681     -2
682     -24
683     10
684     -4
685     -5
686     23
687     1
688     6
689     10
690     13
691     13
692     12
693     -2
694     -15
695     22
696     -1
697     -15
698     20
699     13
700     1
701     -1
702     21
703     5
704     -8
705     11
706     -12
707     0
708     15
709     1
710     -5
711     13
712     2
713     -9
714     15
715     18
716     -10
717     -2
718     9
719     8
720     4
721     -9
722     11
723     15
724     8
725     25
726     -2
727     4
728     1
729     -6
730     21
731     4
732     4
733     -12
734     -4
735     -5
736     1
737     -3
738     -8
739     -20
740     -10
741     14
742     2
743     -6
744     8
745     1
746     0
747     23
748     -3
749     -14
750     3
751     -10
752     6
753     2
754     0
755     18
756     -21
757     -5
758     10
759     -26
760     4
761     -7
762     5
763     -3
764     -3
765     12
766     -14
767     27
768     4
769     -16
770     0
771     6
772     -8
773     -19
774     4
775     3
776     -26
777     9
778     -1
779     -15
780     17
781     20
782     18
783     -1
784     9
785     15
786     -9
787     -4
788     24
789     7
790     -5
791     28
792     -7
793     -1
794     8
795     -4
796     13
797     -23
798     0
799     21
800     -4
801     -11
802     18
803     -3
804     -5
805     2
806     -18
807     19
808     4
809     -2
810     10
811     1
812     -12
813     -18
814     3
815     17
816     17
817     21
818     11
819     -5
820     -13
821     11
822     15
823     -10
824     2
825     -11
826     -10
827     8
828     3
829     19
830     8
831     3
832     18
833     10
834     -3
835     -14
836     0
837     -19
838     7
839     5
840     -12
841     4
842     -26
843     16
844     -5
845     -12
846     -5
847     -7
848     15
849     16
850     -1
851     2
852     11
853     -3
854     25
855     8
856     -3
857     -1
858     3
859     -21
860     -7
861     19
862     -25
863     6
864     7
865     -5
866     16
867     -25
868     -2
869     8
870     -6
871     -8
872     -8
873     5
874     17
875     15
876     1
877     9
878     -7
879     -15
880     6
881     12
882     11
883     11
884     -11
885     0
886     9
887     -14
888     2
889     5
890     -3
891     11
892     -14
893     -9
894     10
895     -17
896     -10
897     10
898     -14
899     2
900     -1
901     -15
902     14
903     -20
904     -3
905     22
906     16
907     15
908     -17
909     -1
910     7
911     -17
912     13
913     8
914     -8
915     4
916     -25
917     3
918     11
919     -2
920     -2
921     -1
922     17
923     5
924     -4
925     -7
926     -18
927     -16
928     -9
929     11
930     15
931     -10
932     -15
933     5
934     3
935     -10
936     13
937     17
938     21
939     -5
940     -15
941     -22
942     -2
943     17
944     -5
945     -18
946     -4
947     23
948     12
949     16
950     -1
951     -2
952     6
953     24
954     7
955     -2
956     -15
957     -7
958     -8
959     -15
960     15
961     16
962     5
963     -26
964     0
965     -9
966     -2
967     -15
968     1
969     10
970     -14
971     -16
972     -4
973     17
974     -3
975     -7
976     -17
977     -18
978     -11
979     -3
980     -22
981     16
982     2
983     -2
984     7
985     3
986     -4
987     1
988     -3
989     -17
990     5
991     2
992     -8
993     1
994     8
995     -22
996     -13
997     8
998     17
999     -4
1000     -16
1001     -5
1002     -1
1003     0
1004     11
1005     3
1006     11
1007     -1
1008     -8
1009     5
1010     2
1011     6
1012     -21
1013     8
1014     13
1015     6
1016     12
1017     -3
1018     -11
1019     2
1020     13
1021     -16
1022     -11
1023     -18
1024     -4
1025     0
1026     -4
1027     20
1028     13
1029     17
1030     4
1031     -6
1032     -12
1033     -20
1034     -14
1035     1
1036     -5
1037     -13
1038     -23
1039     4
1040     3
1041     -14
1042     16
1043     -17
1044     5
1045     6
1046     4
1047     11
1048     -29
1049     -1
1050     -1
1051     -6
1052     -6
1053     -23
1054     -3
1055     -17
1056     -15
1057     -10
1058     9
1059     6
1060     -22
1061     -12
1062     1
1063     9
1064     -18
1065     -6
1066     9
1067     -1
1068     10
1069     -3
1070     -11
1071     -18
1072     -15
1073     -10
1074     -2
1075     -7
1076     -9
1077     -6
1078     -18
1079     -18
1080     -14
1081     11
1082     10
1083     9
1084     -15
1085     1
1086     15
1087     -19
1088     -10
1089     -22
1090     -2
1091     10
1092     -4
1093     -21
1094     7
1095     10
1096     -3
1097     21
1098     -13
1099     11
1100     0
1101     -6
1102     16
1103     -5
1104     25
1105     -4
1106     -8
1107     1
1108     -11
1109     11
1110     11
1111     13
1112     20
1113     5
1114     -2
1115     5
1116     -7
1117     -9
1118     -13
1119     -10
1120     -14
1121     -8
1122     -11
1123     4
1124     1
1125     2
1126     3
1127     4
1128     -14
1129     -9
1130     17
1131     -1
1132     3
1133     -17
1134     -5
1135     2
1136     -1
1137     -1
1138     8
1139     16
1140     -33
1141     3
1142     -11
1143     4
1144     6
1145     -15
1146     8
1147     -26
1148     -2
1149     -21
1150     -9
1151     -1
1152     -27
1153     2
1154     6
1155     -11
1156     -2
1157     -13
1158     5
1159     14
1160     9
1161     8
1162     2
1163     29
1164     -2
1165     -11
1166     -11
1167     -6
1168     12
1169     -15
1170     9
1171     11
1172     -4
1173     -9
1174     -12
1175     1
1176     -14
1177     -14
1178     -7
1179     -3
1180     -4
1181     -20
1182     3
1183     21
1184     22
1185     2
1186     4
1187     20
1188     14
1189     1
1190     -17
1191     -14
1192     -8
1193     7
1194     24
1195     1
1196     1
1197     3
1198     17
1199     3
1200     -8
1201     24
1202     5
1203     -13
1204     -10
1205     24
1206     -3
1207     -22
1208     6
1209     12
1210     29
1211     0
1212     -16
1213     -3
1214     -4
1215     21
1216     14
1217     10
1218     3
1219     18
1220     -6
1221     -4
1222     13
1223     -11
1224     10
1225     15
1226     22
1227     12
1228     -11
1229     -11
1230     4
1231     11
1232     5
1233     19
1234     -8
1235     4
1236     6
1237     0
1238     5
1239     -12
1240     -6
1241     17
1242     4
1243     -17
1244     17
1245     4
1246     -7
1247     -11
1248     -14
1249     -25
1250     -11
1251     -15
1252     -10
1253     6
1254     9
1255     15
1256     -5
1257     19
1258     -11
1259     -7
1260     -9
1261     -12
1262     14
1263     -9
1264     -16
1265     -14
1266     -5
1267     10
1268     12
1269     -17
1270     10
1271     8
1272     -20
1273     8
1274     -10
1275     -8
1276     -5
1277     -2
1278     3
1279     -9
1280     -8
1281     17
1282     10
1283     0
1284     25
1285     2
1286     1
1287     14
1288     8
1289     -10
1290     5
1291     -2
1292     -2
1293     9
1294     2
1295     20
1296     0
1297     -9
1298     -19
1299     11
1300     -6
1301     -3
1302     13
1303     -1
1304     11
1305     10
1306     19
1307     10
1308     -7
1309     13
1310     -1
1311     -19
1312     -14
1313     1
1314     17
1315     14
1316     0
1317     -7
1318     -5
1319     1
1320     15
1321     13
1322     17
1323     23
1324     0
1325     2
1326     14
1327     -18
1328     1
1329     -13
1330     -4
1331     -10
1332     -15
1333     5
1334     -4
1335     1
1336     0
1337     -12
1338     -24
1339     -10
1340     -14
1341     -5
1342     5
1343     9
1344     5
1345     -8
1346     10
1347     11
1348     -12
1349     -9
1350     3
1351     -33
1352     9
1353     3
1354     1
1355     5
1356     -12
1357     -7
1358     -8
1359     -2
1360     -24
1361     -22
1362     -10
1363     -8
1364     -12
1365     24
1366     -8
1367     -13
1368     4
1369     14
1370     7
1371     -27
1372     -2
1373     21
1374     -1
1375     -17
1376     -7
1377     10
1378     4
1379     8
1380     4
1381     -7
1382     9
1383     -4
1384     5
1385     0
1386     -22
1387     -15
1388     -18
1389     2
1390     -1
1391     -4
1392     26
1393     -3
1394     -17
1395     -5
1396     -22
1397     1
1398     -1
1399     -8
1400     -2
1401     14
1402     16
1403     12
1404     14
1405     6
1406     -5
1407     -19
1408     16
1409     17
1410     20
1411     -2
1412     -4
1413     28
1414     13
1415     11
1416     5
1417     -11
1418     2
1419     9
1420     1
1421     25
1422     8
1423     3
1424     20
1425     -10
1426     -2
1427     11
1428     24
1429     -1
1430     8
1431     6
1432     -19
1433     -5
1434     -24
1435     -16
1436     -4
1437     13
1438     -25
1439     -1
1440     0
1441     4
1442     11
1443     -17
1444     11
1445     -11
1446     1
1447     -3
1448     3
1449     17
1450     -10
1451     -8
1452     2
1453     29
1454     -10
1455     -5
1456     0
1457     -11
1458     7
1459     -22
1460     7
1461     1
1462     -19
1463     -2
1464     2
1465     8
1466     4
1467     2
1468     -15
1469     -13
1470     -1
1471     13
1472     12
1473     -8
1474     -9
1475     -9
1476     -16
1477     -19
1478     6
1479     13
1480     0
1481     4
1482     23
1483     -1
1484     7
1485     1
1486     0
1487     -7
1488     -8
1489     18
1490     -11
1491     -18
1492     -16
1493     4
1494     23
1495     3
1496     -13
1497     9
1498     11
1499     12
1500     24
1501     -2
1502     7
1503     0
1504     -10
1505     -1
1506     12
1507     3
1508     -18
1509     14
1510     13
1511     9
1512     6
1513     25
1514     2
1515     -2
1516     1
1517     -16
1518     -7
1519     -5
1520     -7
1521     -5
1522     21
1523     -15
1524     3
1525     6
1526     -13
1527     -13
1528     -7
1529     -14
1530     -1
1531     7
1532     -8
1533     5
1534     -15
1535     3
1536     2
1537     1
1538     7
1539     16
1540     -5
1541     -7
1542     9
1543     13
1544     21
1545     10
1546     5
1547     16
1548     18
1549     -10
1550     15
1551     0
1552     5
1553     1
1554     -13
1555     17
1556     -23
1557     9
1558     15
1559     8
1560     19
1561     -3
1562     -17
1563     13
1564     -1
1565     -8
1566     13
1567     -19
1568     -12
1569     0
1570     -6
1571     5
1572     15
1573     -16
1574     -6
1575     23
1576     15
1577     8
1578     -7
1579     15
1580     -3
1581     -16
1582     -16
1583     -9
1584     20
1585     0
1586     20
1587     9
1588     8
1589     0
1590     4
1591     15
1592     0
1593     2
1594     6
1595     0
1596     -10
1597     5
1598     -10
1599     -9
1600     -15
1601     -8
1602     24
1603     -1
1604     4
1605     13
1606     5
1607     12
1608     3
1609     17
1610     -1
1611     -5
1612     -15
1613     1
1614     24
1615     -2
1616     -25
1617     -1
1618     10
1619     -19
1620     0
1621     11
1622     10
1623     -10
1624     -20
1625     -5
1626     -12
1627     -13
1628     3
1629     16
1630     12
1631     1
1632     7
1633     3
1634     -10
1635     3
1636     7
1637     13
1638     18
1639     18
1640     13
1641     -3
1642     -20
1643     -4
1644     1
1645     9
1646     24
1647     8
1648     -6
1649     -7
1650     5
1651     0
1652     11
1653     3
1654     8
1655     -1
1656     -10
1657     19
1658     5
1659     9
1660     13
1661     13
1662     14
1663     -17
1664     -3
1665     22
1666     9
1667     12
1668     -9
1669     -6
1670     15
1671     19
1672     17
1673     7
1674     -20
1675     2
1676     14
1677     2
1678     10
1679     17
1680     2
1681     6
1682     2
1683     -19
1684     -2
1685     8
1686     -15
1687     4
1688     4
1689     -21
1690     1
1691     1
1692     -15
1693     -20
1694     -6
1695     5
1696     -16
1697     -9
1698     30
1699     1
1700     -2
1701     26
1702     9
1703     -4
1704     4
1705     -6
1706     -2
1707     12
1708     19
1709     3
1710     -14
1711     11
1712     -10
1713     1
1714     -10
1715     -3
1716     2
1717     -16
1718     16
1719     11
1720     9
1721     -9
1722     -4
1723     5
1724     6
1725     4
1726     3
1727     6
1728     -11
1729     -8
1730     -11
1731     -6
1732     -14
1733     6
1734     -3
1735     -5
1736     5
1737     -7
1738     12
1739     -4
1740     -25
1741     15
1742     2
1743     -5
1744     15
1745     -2
1746     0
1747     -13
1748     -17
1749     2
1750     20
1751     9
1752     14
1753     8
1754     -24
1755     -1
1756     -7
1757     -11
1758     26
1759     -6
1760     -15
1761     -9
1762     15
1763     8
1764     -10
1765     -5
1766     -3
1767     17
1768     15
1769     16
1770     10
1771     1
1772     -6
1773     11
1774     7
1775     -9
1776     16
1777     10
1778     -14
1779     15
1780     1
1781     14
1782     1
1783     -20
1784     -11
1785     -16
1786     5
1787     -30
1788     15
1789     3
1790     5
1791     3
1792     -11
1793     13
1794     11
1795     14
1796     0
1797     -6
1798     -18
1799     -13
1800     -15
1801     -3
1802     2
1803     -3
1804     -8
1805     -17
1806     16
1807     3
1808     -16
1809     10
1810     -1
1811     2
1812     0
1813     -4
1814     -17
1815     -6
1816     -16
1817     -8
1818     -2
1819     -11
1820     4
1821     -15
1822     -2
1823     5
1824     1
1825     2
1826     -5
1827     -16
1828     9
1829     19
1830     26
1831     6
1832     4
1833     0
1834     3
1835     17
1836     7
1837     7
1838     -11
1839     -1
1840     11
1841     9
1842     -14
1843     12
1844     18
1845     16
1846     3
1847     7
1848     17
1849     -3
1850     15
1851     13
1852     -1
1853     -4
1854     1
1855     17
1856     10
1857     -14
1858     3
1859     -9
1860     9
1861     10
1862     -6
1863     13
1864     7
1865     -7
1866     -15
1867     -2
1868     -22
1869     4
1870     -2
1871     1
1872     7
1873     -22
1874     -3
1875     4
1876     26
1877     2
1878     -11
1879     -21
1880     -1
1881     -4
1882     -16
1883     23
1884     0
1885     1
1886     -6
1887     6
1888     15
1889     -18
1890     -1
1891     15
1892     -18
1893     -14
1894     -12
1895     -2
1896     11
1897     -10
1898     -8
1899     -28
1900     -5
1901     -2
1902     -9
1903     13
1904     22
1905     11
1906     -5
1907     4
1908     20
1909     4
1910     -22
1911     -10
1912     4
1913     -7
1914     -1
1915     20
1916     -13
1917     -2
1918     1
1919     -8
1920     24
1921     14
1922     26
1923     5
1924     -6
1925     7
1926     -13
1927     -6
1928     -9
1929     -3
1930     10
1931     -5
1932     -22
1933     7
1934     2
1935     10
1936     12
1937     2
1938     5
1939     -5
1940     0
1941     13
1942     10
1943     -17
1944     5
1945     -9
1946     -17
1947     2
1948     10
1949     1
1950     8
1951     16
1952     -8
1953     -14
1954     16
1955     4
1956     1
1957     8
1958     -28
1959     6
1960     14
1961     -23
1962     11
1963     6
1964     -18
1965     15
1966     5
1967     7
1968     4
1969     1
1970     16
1971     15
1972     -14
1973     7
1974     4
1975     -20
1976     -2
1977     -10
1978     1
1979     -22
1980     -1
1981     11
1982     -29
1983     -2
1984     2
1985     17
1986     -2
1987     -9
1988     -6
1989     -3
1990     13
1991     -5
1992     10
1993     3
1994     6
1995     -11
1996     8
1997     1
1998     -2
1999     16
2000     18
2001     12
2002     19
2003     10
2004     -27
2005     4
2006     1
2007     -20
2008     -24
2009     -6
2010     10
2011     -14
2012     -13
2013     6
2014     -19
2015     -1
2016     10
2017     -10
2018     33
2019     0
2020     -13
2021     12
2022     -4
2023     -1
2024     16
2025     10
2026     -10
2027     7
2028     -11
2029     0
2030     8
2031     -14
2032     21
2033     9
2034     25
2035     -4
2036     -12
2037     13
2038     -19
2039     -6
2040     4
2041     1
2042     27
2043     1
2044     -10
2045     19
2046     -2
2047     8
2048     1
2049     -11
2050     -17
2051     -14
2052     17
2053     9
2054     11
2055     18
2056     18
2057     14
2058     9
2059     21
2060     4
2061     -28
2062     -6
2063     0
2064     -23
2065     -6
2066     5
2067     -6
2068     -27
2069     6
2070     6
2071     -20
2072     -18
2073     1
2074     18
2075     0
2076     -6
2077     5
2078     11
2079     -18
2080     -6
2081     4
2082     -4
2083     -1
2084     7
2085     17
2086     12
2087     0
2088     6
2089     20
2090     -13
2091     1
2092     11
2093     -15
2094     27
2095     -11
2096     2
2097     5
2098     3
2099     10
2100     -3
2101     3
2102     -8
2103     24
2104     -5
2105     -25
2106     2
2107     4
2108     -10
2109     10
2110     9
2111     10
2112     -7
2113     -7
2114     -12
2115     -3
2116     20
2117     -5
2118     13
2119     3
2120     -11
2121     21
2122     -10
2123     -5
2124     4
2125     -7
2126     4
2127     -17
2128     -3
2129     -2
2130     -2
2131     -6
2132     9
2133     17
2134     -9
2135     -8
2136     -3
2137     -2
2138     -20
2139     -2
2140     3
2141     -12
2142     -10
2143     2
2144     -1
2145     -19
2146     -20
2147     -6
2148     16
2149     -7
2150     -2
2151     17
2152     -24
2153     0
2154     1
2155     -9
2156     24
2157     14
2158     7
2159     -16
2160     -9
2161     -13
2162     -12
2163     -5
2164     -25
2165     -8
2166     24
2167     2
2168     -11
2169     23
2170     -5
2171     -1
2172     8
2173     2
2174     -6
2175     -7
2176     12
2177     -6
2178     2
2179     -18
2180     3
2181     -6
2182     -9
2183     6
2184     -21
2185     -16
2186     -13
2187     13
2188     4
2189     -12
2190     -7
2191     -9
2192     8
2193     -5
2194     -9
2195     -2
2196     0
2197     22
2198     -8
2199     -1
2200     -20
2201     -4
2202     6
2203     3
2204     4
2205     -21
