1     16
2     19
3     -5
4     10
5     9
6     20
7     -10
8     -10
9     -2
10     14
11     7
12     -3
13     0
14     7
15     3
16     -13
17     13
18     -14
19     -6
20     14
21     7
22     -11
23     15
24     7
25     6
26     14
27     -11
28     -12
29     18
30     13
31     12
32     11
33     -6
34     16
35     -10
36     -16
37     0
38     13
39     18
40     -9
41     0
42     -14
43     -5
44     -1
45     -13
46     2
47     -7
48     13
49     -8
50     -16
51     -13
52     2
53     -11
54     -18
55     -12
56     -14
57     -14
58     -18
59     -17
60     -9
61     6
62     -8
63     16
64     -13
65     10
66     26
67     -7
68     -1
69     11
70     19
71     -6
72     -17
73     -21
74     -8
75     17
76     -8
77     -4
78     15
79     18
80     11
81     -16
82     5
83     12
84     4
85     9
86     -7
87     -9
88     -13
89     16
90     10
91     14
92     22
93     10
94     17
95     -7
96     -16
97     10
98     -7
99     17
100     2
101     -14
102     12
103     -14
104     -6
105     0
106     5
107     -7
108     15
109     13
110     2
111     -12
112     2
113     9
114     9
115     3
116     -20
117     6
118     20
119     20
120     9
121     6
122     -11
123     -9
124     11
125     1
126     5
127     21
128     19
129     11
130     -14
131     -16
132     20
133     12
134     -16
135     8
136     -12
137     -15
138     10
139     20
140     12
141     -14
142     17
143     -5
144     -15
145     -19
146     -14
147     3
148     1
149     -6
150     -14
151     6
152     -2
153     13
154     -4
155     -11
156     15
157     -1
158     -5
159     20
160     7
161     -12
162     12
163     23
164     -2
165     -11
166     4
167     13
168     3
169     -12
170     -12
171     1
172     14
173     -4
174     17
175     23
176     -9
177     -7
178     12
179     3
180     -15
181     -2
182     15
183     14
184     5
185     15
186     18
187     -1
188     12
189     -19
190     -17
191     16
192     -21
193     6
194     17
195     10
196     16
197     3
198     8
199     3
200     6
201     -13
202     -2
203     6
204     10
205     0
206     3
207     10
208     -13
209     3
210     -17
211     7
212     -15
213     -17
214     -2
215     -21
216     -5
217     3
218     21
219     -14
220     -11
221     19
222     -12
223     -17
224     12
225     2
226     -4
227     7
228     -20
229     -12
230     -17
231     -11
232     12
233     -6
234     22
235     -1
236     -12
237     5
238     -4
239     3
240     -18
241     -9
242     5
243     10
244     -11
245     7
246     -4
247     -11
248     8
249     4
250     10
251     -18
252     -12
253     9
254     -5
255     19
256     -11
257     -21
258     -17
259     -8
260     5
261     5
262     6
263     -6
264     -12
265     -12
266     16
267     3
268     -9
269     -5
270     -22
271     -16
272     5
273     -6
274     13
275     0
276     9
277     -8
278     -5
279     9
280     -25
281     13
282     7
283     -15
284     -19
285     13
286     11
287     -5
288     -19
289     1
290     23
291     6
292     18
293     -2
294     -14
295     -3
296     12
297     -7
298     -15
299     -13
300     5
301     6
302     9
303     25
304     -2
305     -11
306     -22
307     4
308     26
309     -5
310     -14
311     -1
312     -5
313     -8
314     9
315     -9
316     7
317     24
318     1
319     8
320     17
321     18
322     -11
323     1
324     3
325     -5
326     -7
327     11
328     5
329     2
330     -1
331     5
332     -5
333     0
334     18
335     8
336     8
337     -15
338     1
339     2
340     9
341     2
342     -10
343     -19
344     8
345     18
346     -15
347     7
348     15
349     -9
350     -7
351     -14
352     5
353     22
354     0
355     -11
356     -25
357     2
358     -3
359     -21
360     -16
361     -21
362     -7
363     -6
364     -10
365     -16
366     -4
367     -9
368     -15
369     -21
370     2
371     7
372     6
373     21
374     4
375     4
376     7
377     0
378     14
379     4
380     5
381     0
382     -22
383     -18
384     -3
385     14
386     2
387     3
388     6
389     18
390     7
391     -9
392     -4
393     -17
394     -18
395     -12
396     -5
397     -4
398     -7
399     -14
400     -13
401     -15
402     -11
403     -10
404     7
405     -5
406     -6
407     -3
408     -14
409     17
410     -8
411     6
412     -13
413     1
414     20
415     5
416     9
417     -2
418     11
419     6
420     18
421     20
422     -1
423     9
424     -7
425     -25
426     15
427     -6
428     -23
429     6
430     -2
431     -12
432     -5
433     -4
434     -11
435     14
436     -1
437     -7
438     8
439     -11
440     10
441     13
442     9
443     -15
444     15
445     -5
446     -19
447     -4
448     -19
449     20
450     -12
451     2
452     4
453     -2
454     -5
455     8
456     0
457     -9
458     5
459     -20
460     -5
461     15
462     -3
463     7
464     20
465     10
466     -9
467     -4
468     23
469     -14
470     1
471     -5
472     -4
473     -11
474     -13
475     -4
476     1
477     14
478     -9
479     5
480     4
481     11
482     -13
483     4
484     9
485     17
486     0
487     -1
488     20
489     7
490     6
491     -20
492     -8
493     -2
494     11
495     -12
496     -12
497     -6
498     12
499     -1
500     -9
501     -2
502     -24
503     -8
504     -17
505     -2
506     -8
507     6
508     3
509     -14
510     13
511     3
512     9
513     -6
514     -6
515     -13
516     4
517     9
518     -3
519     15
520     -12
521     9
522     -7
523     -23
524     8
525     -13
526     1
527     16
528     -5
529     -6
530     13
531     7
532     -2
533     -8
534     5
535     13
536     -10
537     -11
538     4
539     9
540     13
541     0
542     -7
543     0
544     -3
545     17
546     -4
547     -29
548     2
549     15
550     21
551     21
552     15
553     6
554     -3
555     15
556     -14
557     -4
558     2
559     18
560     -7
561     -3
562     26
563     -10
564     1
565     2
566     7
567     -19
568     -8
569     -1
570     7
571     10
572     5
573     -13
574     0
575     22
576     1
577     15
578     15
579     -12
580     -14
581     23
582     -13
583     5
584     3
585     -1
586     2
587     -21
588     3
589     7
590     13
591     11
592     9
593     8
594     -2
595     -21
596     -2
597     10
598     8
599     -6
600     6
601     -12
602     4
603     20
604     -16
605     -6
606     10
607     -15
608     -8
609     -17
610     2
611     1
612     -22
613     -5
614     -19
615     1
616     -5
617     2
618     -1
619     -3
620     -17
621     3
622     24
623     8
624     18
625     -11
626     10
627     -5
628     -26
629     10
630     13
631     -7
632     -16
633     15
634     11
635     -15
636     -1
637     13
638     8
639     17
640     16
641     2
642     -11
643     -24
644     -12
645     -20
646     -7
647     9
648     11
649     13
650     2
651     19
652     -13
653     8
654     -3
655     -7
656     20
657     10
658     22
659     -1
660     11
661     13
662     -20
663     -5
664     -5
665     2
666     14
667     -7
668     15
669     -12
670     3
671     30
672     -13
673     3
674     -7
675     2
676     -4
677     -24
678     -4
679     7
680     -13
681     -1
682     -2
683     5
684     24
685     -8
686     12
687     -12
688     2
689     17
690     8
691     1
692     7
693     7
694     9
695     -8
696     -20
697     16
698     -15
699     12
700     2
701     -13
702     -1
703     -2
704     -8
705     -12
706     2
707     7
708     19
709     -12
710     13
711     6
712     9
713     18
714     0
715     -9
716     -10
717     -13
718     2
719     17
720     -19
721     -6
722     11
723     14
724     5
725     5
726     17
727     16
728     6
729     9
730     9
731     -16
732     -13
733     -9
734     2
735     25
736     -13
737     6
738     24
739     6
740     -9
741     -15
742     3
743     12
744     -1
745     11
746     11
747     -13
748     -9
749     5
750     20
751     12
752     1
753     6
754     -9
755     -2
756     18
757     -1
758     -4
759     16
760     4
761     8
762     21
763     11
764     14
765     -6
766     -24
767     -3
768     12
769     12
770     9
771     -15
772     16
773     -7
774     -7
775     24
776     6
777     0
778     -16
779     -18
780     9
781     5
782     -15
783     -8
784     -5
785     -8
786     -18
787     -16
788     -6
789     17
790     0
791     -17
792     -21
793     -10
794     -9
795     16
796     2
797     3
798     4
799     -5
800     9
801     -20
802     8
803     4
804     6
805     13
806     10
807     -1
808     -20
809     -21
810     1
811     -2
812     9
813     5
814     -18
815     13
816     10
817     0
818     18
819     8
820     -12
821     -4
822     12
823     -6
824     1
825     21
826     -3
827     -3
828     -1
829     -9
830     5
831     25
832     0
833     8
834     -8
835     -14
836     -2
837     -2
838     20
839     -8
840     -18
841     14
842     17
843     0
844     -9
845     -7
846     -6
847     6
848     14
849     -14
850     -19
851     -1
852     -12
853     -16
854     22
855     -4
856     -8
857     3
858     4
859     18
860     1
861     5
862     -16
863     14
864     1
865     5
866     24
867     -17
868     -15
869     6
870     6
871     -12
872     3
873     -16
874     4
875     17
876     -4
877     -6
878     -21
879     -6
880     -17
881     -3
882     5
883     -15
884     -8
885     2
886     17
887     4
888     0
889     9
890     8
891     18
892     14
893     -9
894     -20
895     8
896     -9
897     9
898     13
899     9
900     -2
901     -10
902     -2
903     -23
904     9
905     10
906     1
907     5
908     -3
909     -19
910     11
911     -2
912     -6
913     -3
914     -19
915     0
916     -11
917     -17
918     -8
919     14
920     -3
921     -27
922     14
923     9
924     11
925     -5
926     -25
927     2
928     -22
929     -4
930     -8
931     -14
932     -13
933     -19
934     8
935     5
936     -8
937     -8
938     23
939     -8
940     -24
941     -9
942     -7
943     7
944     -12
945     -1
946     -12
947     12
948     1
949     -16
950     -5
951     13
952     -3
953     7
954     12
955     3
956     19
957     7
958     21
959     -2
960     9
961     4
962     12
963     4
964     -1
965     -11
966     -2
967     -13
968     1
969     17
970     -20
971     11
972     0
973     16
974     -11
975     -3
976     -2
977     2
978     -3
979     -22
980     -6
981     5
982     24
983     3
984     10
985     -3
986     4
987     -9
988     -12
989     -18
990     -4
991     -8
992     -16
993     -2
994     -14
995     17
996     0
997     5
998     15
999     1
1000     -23
1001     7
1002     -3
1003     -13
1004     9
1005     -1
1006     -7
1007     -16
1008     2
1009     -14
1010     -12
1011     -8
1012     -21
1013     13
1014     -5
1015     -2
1016     27
1017     4
1018     14
1019     -6
1020     -22
1021     -11
1022     5
1023     -4
1024     3
1025     5
1026     15
1027     3
1028     -27
1029     13
1030     13
1031     -2
1032     -13
1033     2
1034     -1
1035     2
1036     7
1037     -7
1038     16
1039     10
1040     -9
1041     12
1042     5
1043     14
1044     11
1045     0
1046     16
1047     19
1048     5
1049     -8
1050     12
1051     -10
1052     -5
1053     -14
1054     -20
1055     -22
1056     1
1057     4
1058     -29
1059     16
1060     7
1061     12
1062     -11
1063     -13
1064     10
1065     -3
1066     5
1067     -19
1068     16
1069     -8
1070     -4
1071     4
1072     10
1073     -1
1074     -22
1075     -13
1076     -24
1077     -4
1078     -13
1079     -12
1080     -19
1081     18
1082     -6
1083     -25
1084     12
1085     18
1086     6
1087     1
1088     19
1089     -4
1090     -6
1091     -6
1092     -17
1093     10
1094     8
1095     11
1096     21
1097     18
1098     18
1099     -3
1100     1
1101     -19
1102     0
1103     -12
1104     -7
1105     15
1106     1
1107     21
1108     1
1109     12
1110     -3
1111     7
1112     18
1113     13
1114     28
1115     -11
1116     -5
1117     -6
1118     -18
1119     -16
1120     -23
1121     -18
1122     -1
1123     16
1124     14
1125     23
1126     -9
1127     6
1128     22
1129     -15
1130     -1
1131     2
1132     21
1133     -12
1134     2
1135     -1
1136     -21
1137     -2
1138     -17
1139     4
1140     -1
1141     -4
1142     11
1143     15
1144     3
1145     10
1146     17
1147     -16
1148     -3
1149     11
1150     -3
1151     -12
1152     11
1153     13
1154     -10
1155     6
1156     -19
1157     9
1158     -9
1159     -5
1160     16
1161     -17
1162     16
1163     1
1164     13
1165     7
1166     -9
1167     -8
1168     7
1169     17
1170     -11
1171     -12
1172     2
1173     13
1174     17
1175     15
1176     -9
1177     -23
1178     -10
1179     12
1180     24
1181     3
1182     -10
1183     -7
1184     -19
1185     13
1186     -3
1187     4
1188     16
1189     -14
1190     -17
1191     -16
1192     -3
1193     -11
1194     -8
1195     -7
1196     -8
1197     15
1198     -3
1199     -24
1200     -11
1201     -23
1202     1
1203     -2
1204     -15
1205     1
1206     -16
1207     7
1208     24
1209     6
1210     -13
1211     -22
1212     -6
1213     11
1214     21
1215     11
1216     -14
1217     -9
1218     -8
1219     2
1220     0
1221     -12
1222     -8
1223     -1
1224     18
1225     7
1226     16
1227     17
1228     21
1229     -3
1230     -23
1231     -6
1232     -5
1233     14
1234     19
1235     19
1236     -7
1237     -26
1238     10
1239     7
1240     5
1241     0
1242     -21
1243     17
1244     -9
1245     -9
1246     -8
1247     -11
1248     3
1249     6
1250     15
1251     -12
1252     -6
1253     14
1254     10
1255     -17
1256     -12
1257     2
1258     -16
1259     6
1260     3
1261     -11
1262     11
1263     25
1264     -12
1265     0
1266     13
1267     -18
1268     11
1269     3
1270     0
1271     18
1272     4
1273     -4
1274     -11
1275     -2
1276     17
1277     13
1278     6
1279     11
1280     7
1281     4
1282     -7
1283     -5
1284     22
1285     -3
1286     5
1287     -7
1288     12
1289     0
1290     -27
1291     -7
1292     12
1293     17
1294     13
1295     9
1296     -11
1297     1
1298     -12
1299     -11
1300     18
1301     6
1302     -1
1303     16
1304     3
1305     9
1306     -1
1307     -8
1308     -2
1309     9
1310     -10
1311     -17
1312     6
1313     5
1314     5
1315     -8
1316     -16
1317     2
1318     -7
1319     -17
1320     -4
1321     14
1322     -5
1323     -13
1324     18
1325     -11
1326     4
1327     14
1328     -2
1329     21
1330     8
1331     2
1332     -7
1333     -2
1334     -8
1335     -24
1336     -12
1337     -2
1338     7
1339     9
1340     -6
1341     -9
1342     -3
1343     -3
1344     11
1345     -13
1346     -20
1347     -7
1348     0
1349     12
1350     12
1351     -10
1352     -19
1353     7
1354     -8
1355     -3
1356     -12
1357     7
1358     9
1359     -19
1360     0
1361     15
1362     12
1363     3
1364     9
1365     11
1366     21
1367     -9
1368     -19
1369     -18
1370     14
1371     -6
1372     -16
1373     -14
1374     -5
1375     -5
1376     -20
1377     -13
1378     6
1379     29
1380     10
1381     22
1382     -3
1383     -13
1384     -12
1385     -14
1386     5
1387     -3
1388     -23
1389     1
1390     5
1391     10
1392     -5
1393     -15
1394     15
1395     -16
1396     4
1397     24
1398     1
1399     3
1400     -8
1401     11
1402     16
1403     19
1404     -8
1405     -6
1406     27
1407     -1
1408     8
1409     -14
1410     8
1411     18
1412     1
1413     -8
1414     9
1415     22
1416     -9
1417     -8
1418     -5
1419     13
1420     -5
1421     -12
1422     16
1423     21
1424     7
1425     0
1426     12
1427     11
1428     -14
1429     8
1430     8
1431     -12
1432     -12
1433     13
1434     -2
1435     -12
1436     -12
1437     -17
1438     -14
1439     -11
1440     8
1441     -7
1442     -15
1443     -13
1444     -4
1445     -9
1446     -1
1447     -6
1448     -3
1449     10
1450     22
1451     -2
1452     11
1453     -2
1454     10
1455     -1
1456     -19
1457     -6
1458     0
1459     -7
1460     -23
1461     10
1462     -10
1463     -11
1464     -5
1465     -3
1466     -7
1467     -19
1468     -1
1469     20
1470     9
1471     21
1472     -7
1473     -9
1474     -6
1475     -2
1476     -9
1477     -15
1478     -4
1479     -1
1480     19
1481     3
1482     4
1483     8
1484     -9
1485     8
1486     25
1487     1
1488     0
1489     11
1490     -8
1491     -4
1492     -11
1493     2
1494     10
1495     -16
1496     -11
1497     -11
1498     -14
1499     -20
1500     7
1501     0
1502     7
1503     -12
1504     1
1505     14
1506     -6
1507     9
1508     4
1509     9
1510     13
1511     3
1512     -9
1513     22
1514     -8
1515     1
1516     2
1517     -16
1518     15
1519     3
1520     -11
1521     0
1522     -5
1523     -26
1524     3
1525     13
1526     7
1527     23
1528     -9
1529     -15
1530     1
1531     2
1532     -2
1533     3
1534     -15
1535     8
1536     9
1537     5
1538     7
1539     -15
1540     16
1541     4
1542     12
1543     -11
1544     -6
1545     6
1546     2
1547     6
1548     1
1549     -10
1550     -12
1551     5
1552     14
1553     17
1554     -11
1555     -8
1556     -4
1557     0
1558     -9
1559     2
1560     6
1561     12
1562     23
1563     4
1564     12
1565     -9
1566     14
1567     -4
1568     1
1569     11
1570     -20
1571     -5
1572     4
1573     19
1574     -3
1575     0
1576     10
1577     -7
1578     18
1579     3
1580     -17
1581     -20
1582     -9
1583     8
1584     0
1585     16
1586     0
1587     5
1588     5
1589     -13
1590     12
1591     12
1592     -17
1593     -8
1594     7
1595     -6
1596     11
1597     22
1598     -14
1599     -6
1600     20
1601     5
1602     -6
1603     4
1604     1
1605     13
1606     -4
1607     -10
1608     -13
1609     3
1610     -4
1611     -30
1612     8
1613     18
1614     16
1615     3
1616     -13
1617     -10
1618     -3
1619     -11
1620     14
1621     -1
1622     -16
1623     7
1624     -15
1625     -12
1626     0
1627     -2
1628     11
1629     4
1630     -19
1631     4
1632     29
1633     -5
1634     -21
1635     -4
1636     7
1637     1
1638     -16
1639     10
1640     -4
1641     -27
1642     15
1643     -3
1644     -24
1645     12
1646     -7
1647     -12
1648     -6
1649     -14
1650     4
1651     17
1652     5
1653     -12
1654     -5
1655     -21
1656     10
1657     -5
1658     -7
1659     0
1660     -15
1661     0
1662     -10
1663     -7
1664     -10
1665     -4
1666     5
1667     7
1668     -14
1669     -22
1670     0
1671     6
1672     12
1673     -15
1674     -4
1675     17
1676     11
1677     -13
1678     -15
1679     3
1680     -16
1681     -9
1682     4
1683     -8
1684     -8
1685     -3
1686     -10
1687     -1
1688     -12
1689     -21
1690     8
1691     17
1692     18
1693     18
1694     -7
1695     -3
1696     17
1697     -10
1698     11
1699     -8
1700     -3
1701     11
1702     -16
1703     5
1704     3
1705     11
1706     -11
1707     12
1708     -5
1709     0
1710     21
1711     -5
1712     -9
1713     6
1714     5
1715     1
1716     12
1717     7
1718     -13
1719     -2
1720     10
1721     -4
1722     19
1723     13
1724     -1
1725     -8
1726     5
1727     22
1728     -5
1729     4
1730     6
1731     -6
1732     12
1733     2
1734     13
1735     16
1736     3
1737     -11
1738     1
1739     3
1740     1
1741     16
1742     -16
1743     -1
1744     -4
1745     -28
1746     5
1747     -16
1748     6
1749     12
1750     7
1751     11
1752     3
1753     22
1754     -6
1755     -4
1756     15
1757     8
1758     -9
1759     5
1760     -6
1761     -23
1762     6
1763     -1
1764     -20
1765     -10
1766     -8
1767     0
1768     21
1769     -12
1770     3
1771     -6
1772     -20
1773     13
1774     -19
1775     11
1776     2
1777     -11
1778     -21
1779     9
1780     6
1781     -11
1782     -7
1783     -29
1784     0
1785     -12
1786     16
1787     -2
1788     -14
1789     -7
1790     -3
1791     13
1792     4
1793     14
1794     23
1795     4
1796     -6
1797     11
1798     5
1799     6
1800     -9
1801     -8
1802     5
1803     1
1804     16
1805     17
1806     12
1807     21
1808     -1
1809     -25
1810     -9
1811     -11
1812     0
1813     20
1814     -17
1815     8
1816     15
1817     -12
1818     1
1819     -20
1820     14
1821     -6
1822     -6
1823     20
1824     11
1825     7
1826     6
1827     27
1828     -10
1829     15
1830     -5
1831     -3
1832     11
1833     -12
1834     11
1835     9
1836     27
1837     -11
1838     10
1839     6
1840     -12
1841     -2
1842     -11
1843     -12
1844     6
1845     15
1846     -3
1847     -8
1848     9
1849     15
1850     -17
1851     -10
1852     5
1853     16
1854     -11
1855     -14
1856     15
1857     -14
1858     1
1859     -10
1860     4
1861     23
1862     8
1863     -1
1864     -2
1865     -4
1866     -4
1867     23
1868     -14
1869     -12
1870     -3
1871     0
1872     5
1873     2
1874     -12
1875     -3
1876     16
1877     -9
1878     0
1879     13
1880     20
1881     -7
1882     -28
1883     7
1884     0
1885     -11
1886     4
1887     -3
1888     13
1889     -8
1890     -19
1891     -1
1892     9
1893     4
1894     6
1895     -3
1896     -18
1897     -19
1898     -8
1899     -15
1900     5
1901     14
1902     -20
1903     -12
1904     -3
1905     17
1906     -8
1907     11
1908     4
1909     -17
1910     -4
1911     -4
1912     -3
1913     -23
1914     -3
1915     -4
1916     -11
1917     -18
1918     10
1919     26
1920     -10
1921     1
1922     5
1923     -12
1924     -28
1925     11
1926     -1
1927     7
1928     3
1929     -6
1930     20
1931     -17
1932     13
1933     -8
1934     8
1935     9
1936     -18
1937     -3
1938     -20
1939     6
1940     18
1941     -3
1942     2
1943     5
1944     4
1945     -10
1946     -12
1947     0
1948     3
1949     -11
1950     -25
1951     -16
1952     -25
1953     7
1954     12
1955     10
1956     16
1957     10
1958     6
1959     -15
1960     -25
1961     7
1962     25
1963     -11
1964     -19
1965     14
1966     -11
1967     -7
1968     17
1969     -9
1970     -7
1971     -15
1972     -20
1973     -19
1974     -18
1975     -2
1976     19
1977     14
1978     -11
1979     9
1980     16
1981     -20
1982     1
1983     -8
1984     -10
1985     22
1986     -7
1987     10
1988     23
1989     2
1990     8
1991     -9
1992     2
1993     4
1994     11
1995     18
1996     10
1997     -1
1998     3
1999     -5
2000     -2
2001     -14
2002     3
2003     14
2004     -16
2005     17
2006     7
2007     2
2008     7
2009     0
2010     -2
2011     -5
2012     -6
2013     -20
2014     -6
2015     18
2016     -10
2017     -19
2018     -2
2019     6
2020     -16
2021     -17
2022     -8
2023     -7
2024     19
2025     -2
2026     3
2027     -5
2028     0
2029     -5
2030     -12
2031     -7
2032     -10
2033     12
2034     4
2035     18
2036     16
2037     3
2038     -4
2039     -16
2040     -9
2041     -12
2042     7
2043     -3
2044     -15
2045     14
2046     0
2047     6
2048     19
2049     -15
2050     -5
2051     14
2052     14
2053     -12
2054     10
2055     14
2056     -13
2057     20
2058     3
2059     11
2060     6
2061     -13
2062     -12
2063     -6
2064     8
2065     -13
2066     -18
2067     0
2068     6
2069     14
2070     0
2071     -22
2072     8
2073     -13
2074     2
2075     -3
2076     -7
2077     -5
2078     -11
2079     9
2080     -8
2081     -10
2082     -14
2083     -17
2084     -1
2085     7
2086     -13
2087     15
2088     15
2089     -3
2090     -16
2091     -17
2092     11
2093     8
2094     7
2095     -15
2096     13
2097     1
2098     -19
2099     7
2100     11
2101     11
2102     5
2103     25
2104     -5
2105     -19
2106     20
2107     -8
2108     -15
2109     -4
2110     -18
2111     12
2112     2
2113     -15
2114     6
2115     20
2116     5
2117     -7
2118     12
2119     -6
2120     -19
2121     8
2122     -6
2123     -16
2124     -5
2125     -2
2126     8
2127     21
2128     13
2129     -2
2130     -1
2131     -8
2132     0
2133     -7
2134     -2
2135     18
2136     3
2137     -17
2138     -3
2139     -2
2140     3
2141     -5
2142     -21
2143     -16
2144     -1
2145     -2
2146     -25
2147     17
2148     -6
2149     -8
2150     22
2151     3
2152     2
2153     14
2154     15
2155     -14
2156     -23
2157     5
2158     20
2159     6
2160     -14
2161     9
2162     -8
2163     1
2164     -3
2165     10
2166     5
2167     6
2168     11
2169     -8
2170     12
2171     -12
2172     5
2173     6
2174     -14
2175     16
2176     -3
2177     -18
2178     10
2179     8
2180     -18
2181     1
2182     8
2183     -3
2184     -6
2185     6
2186     25
2187     -4
2188     -8
2189     -5
2190     -13
2191     7
2192     18
2193     7
2194     -6
2195     9
2196     -1
2197     -21
2198     -10
2199     -19
2200     3
2201     21
2202     23
2203     -4
2204     10
2205     -2
