1     -2
2     -28
3     7
4     -5
5     -9
6     -12
7     0
8     19
9     -20
10     -3
11     13
12     10
13     4
14     11
15     12
16     25
17     -1
18     -16
19     -16
20     8
21     2
22     -18
23     -14
24     -7
25     -6
26     -20
27     -10
28     0
29     26
30     9
31     20
32     8
33     -14
34     -12
35     -13
36     3
37     -2
38     -23
39     0
40     6
41     3
42     0
43     -15
44     12
45     -12
46     1
47     24
48     4
49     4
50     -8
51     11
52     20
53     19
54     -5
55     -15
56     24
57     -1
58     9
59     -10
60     -3
61     20
62     2
63     -1
64     1
65     26
66     -5
67     -11
68     -3
69     13
70     2
71     -12
72     11
73     20
74     13
75     -1
76     6
77     11
78     -12
79     8
80     10
81     -11
82     -19
83     11
84     2
85     -15
86     -9
87     -20
88     -17
89     -16
90     11
91     -6
92     -14
93     -14
94     -9
95     -7
96     1
97     -5
98     -8
99     7
100     24
101     -5
102     10
103     4
104     4
105     1
106     -21
107     -3
108     1
109     1
110     -22
111     9
112     -3
113     -13
114     -8
115     -7
116     -8
117     -18
118     -2
119     20
120     6
121     17
122     -4
123     -15
124     -8
125     -8
126     -4
127     -17
128     -3
129     -1
130     14
131     8
132     1
133     4
134     -6
135     4
136     21
137     7
138     -4
139     11
140     -2
141     -3
142     -8
143     -9
144     15
145     -15
146     -13
147     -10
148     -16
149     -22
150     9
151     2
152     6
153     -6
154     -10
155     15
156     -11
157     8
158     4
159     4
160     11
161     11
162     -12
163     16
164     -6
165     -4
166     7
167     -20
168     15
169     7
170     -15
171     -2
172     0
173     -28
174     -5
175     12
176     3
177     19
178     -1
179     -16
180     -6
181     0
182     -5
183     8
184     -14
185     1
186     15
187     -3
188     16
189     -18
190     13
191     7
192     10
193     -3
194     -16
195     7
196     5
197     8
198     5
199     -4
200     -10
201     6
202     11
203     16
204     -6
205     -7
206     -1
207     -1
208     -8
209     4
210     7
211     3
212     26
213     8
214     16
215     -5
216     13
217     3
218     -8
219     15
220     -22
221     -6
222     2
223     13
224     1
225     -1
226     12
227     -10
228     11
229     7
230     -20
231     -18
232     -14
233     10
234     0
235     12
236     9
237     4
238     13
239     -14
240     4
241     11
242     -14
243     -7
244     6
245     9
246     -8
247     7
248     5
249     13
250     -2
251     -13
252     -13
253     3
254     4
255     -28
256     2
257     16
258     -4
259     7
260     12
261     4
262     13
263     -1
264     -10
265     10
266     -19
267     -10
268     -3
269     -13
270     20
271     11
272     -4
273     11
274     3
275     7
276     12
277     -19
278     -7
279     -8
280     -19
281     17
282     14
283     17
284     11
285     -4
286     6
287     9
288     12
289     3
290     -4
291     -1
292     -8
293     -2
294     1
295     8
296     -10
297     -16
298     11
299     3
300     17
301     13
302     1
303     4
304     19
305     5
306     -1
307     11
308     -4
309     -18
310     -8
311     -11
312     -4
313     22
314     5
315     -2
316     -1
317     -7
318     -13
319     -2
320     -6
321     -2
322     -12
323     -19
324     10
325     -10
326     4
327     11
328     8
329     17
330     -13
331     13
332     9
333     0
334     22
335     13
336     17
337     4
338     -17
339     -2
340     -12
341     -1
342     4
343     -22
344     7
345     -1
346     3
347     14
348     1
349     -11
350     9
351     -1
352     -14
353     15
354     -5
355     20
356     14
357     17
358     12
359     -4
360     -11
361     -20
362     -9
363     8
364     9
365     -20
366     2
367     10
368     -5
369     12
370     14
371     -3
372     9
373     -8
374     -17
375     6
376     -24
377     -4
378     6
379     -19
380     10
381     17
382     12
383     8
384     22
385     9
386     0
387     -10
388     -12
389     8
390     -12
391     -8
392     -1
393     9
394     -2
395     -8
396     -5
397     -17
398     -2
399     0
400     -14
401     11
402     -17
403     -18
404     -20
405     -17
406     17
407     8
408     16
409     -5
410     -10
411     7
412     -13
413     14
414     -2
415     -6
416     2
417     16
418     8
419     -19
420     3
421     -5
422     -21
423     -11
424     23
425     -1
426     1
427     17
428     -7
429     -3
430     -6
431     -2
432     -1
433     22
434     8
435     14
436     12
437     -19
438     17
439     7
440     -11
441     -14
442     -4
443     3
444     16
445     -12
446     -13
447     14
448     -24
449     -6
450     3
451     6
452     -23
453     -10
454     6
455     -13
456     3
457     -5
458     17
459     -18
460     -6
461     22
462     -3
463     -3
464     -3
465     -14
466     -20
467     28
468     8
469     3
470     11
471     -9
472     13
473     -18
474     2
475     18
476     -6
477     -10
478     -9
479     2
480     17
481     18
482     -15
483     -11
484     6
485     -2
486     2
487     -9
488     7
489     17
490     -2
491     -2
492     8
493     -12
494     10
495     7
496     -13
497     4
498     15
499     -12
500     -11
501     16
502     19
503     13
504     -13
505     -7
506     23
507     2
508     -15
509     7
510     -19
511     -3
512     14
513     21
514     10
515     -2
516     12
517     -13
518     -4
519     11
520     7
521     -17
522     1
523     -22
524     -13
525     5
526     6
527     14
528     -7
529     7
530     13
531     8
532     7
533     -2
534     -11
535     8
536     -9
537     6
538     -2
539     -12
540     -10
541     -13
542     9
543     -6
544     -13
545     20
546     -11
547     -8
548     4
549     -19
550     5
551     -4
552     6
553     11
554     5
555     2
556     -6
557     -4
558     23
559     5
560     8
561     13
562     -11
563     -5
564     4
565     10
566     -5
567     -5
568     9
569     15
570     20
571     11
572     -15
573     -9
574     -7
575     -2
576     -15
577     -13
578     17
579     3
580     -15
581     -11
582     -6
583     15
584     6
585     -18
586     4
587     -27
588     -6
589     13
590     -5
591     6
592     -18
593     7
594     -18
595     -11
596     9
597     2
598     17
599     11
600     -17
601     -12
602     15
603     4
604     -11
605     -15
606     -18
607     -12
608     11
609     3
610     -7
611     5
612     -18
613     -12
614     5
615     -6
616     19
617     16
618     9
619     20
620     10
621     -7
622     4
623     -7
624     -21
625     -21
626     -9
627     -5
628     -16
629     -1
630     -16
631     12
632     13
633     9
634     0
635     4
636     15
637     -8
638     18
639     4
640     -8
641     -8
642     -1
643     23
644     11
645     8
646     -1
647     -18
648     9
649     -7
650     -19
651     -2
652     5
653     20
654     15
655     12
656     13
657     -10
658     2
659     -7
660     10
661     -3
662     -3
663     4
664     -2
665     5
666     -8
667     17
668     -3
669     0
670     -14
671     8
672     18
673     19
674     8
675     1
676     -8
677     -8
678     -2
679     3
680     11
681     -6
682     11
683     3
684     17
685     2
686     -5
687     4
688     18
689     -9
690     -8
691     4
692     -1
693     1
694     5
695     11
696     0
697     7
698     -2
699     13
700     9
701     14
702     -12
703     -12
704     6
705     4
706     4
707     -19
708     -17
709     -9
710     7
711     -1
712     0
713     10
714     4
715     -1
716     -16
717     -9
718     10
719     17
720     20
721     -5
722     -10
723     -7
724     -18
725     -15
726     -18
727     -11
728     0
729     1
730     -18
731     1
732     -3
733     -16
734     17
735     -5
736     12
737     12
738     -5
739     14
740     -7
741     21
742     5
743     -5
744     22
745     -11
746     -4
747     11
748     2
749     10
750     4
751     13
752     5
753     18
754     7
755     -15
756     -8
757     -4
758     8
759     -6
760     3
761     21
762     -5
763     -7
764     -8
765     11
766     6
767     -12
768     11
769     10
770     -2
771     -19
772     -16
773     -8
774     18
775     -8
776     -20
777     -14
778     -2
779     -8
780     -6
781     15
782     8
783     -1
784     -7
785     5
786     16
787     3
788     9
789     10
790     1
791     7
792     7
793     -15
794     3
795     11
796     -6
797     11
798     -8
799     8
800     6
801     14
802     7
803     -15
804     19
805     7
806     7
807     1
808     -9
809     20
810     -22
811     -3
812     10
813     -3
814     17
815     -19
816     15
817     -3
818     6
819     1
820     -6
821     2
822     -20
823     12
824     4
825     11
826     8
827     0
828     -14
829     -10
830     3
831     -13
832     15
833     1
834     2
835     15
836     -5
837     15
838     -15
839     -13
840     -13
841     11
842     14
843     18
844     7
845     -14
846     10
847     -17
848     -4
849     -20
850     -14
851     -9
852     -5
853     -1
854     -4
855     -17
856     -16
857     20
858     0
859     -20
860     -15
861     -7
862     -22
863     2
864     -8
865     7
866     13
867     -7
868     17
869     16
870     14
871     9
872     -15
873     -6
874     -7
875     -14
876     4
877     -19
878     18
879     9
880     -14
881     -7
882     6
883     0
884     -9
885     -5
886     1
887     11
888     -5
889     8
890     -2
891     21
892     -4
893     -12
894     11
895     -2
896     10
897     -3
898     9
899     6
900     -12
901     2
902     -23
903     -13
904     -27
905     -2
906     13
907     -16
908     -2
909     -20
910     16
911     8
912     -12
913     -17
914     -13
915     13
916     7
917     2
918     16
919     -23
920     -8
921     9
922     -11
923     -2
924     -10
925     10
926     -6
927     15
928     0
929     16
930     2
931     -21
932     -5
933     -15
934     5
935     -25
936     7
937     9
938     2
939     16
940     9
941     11
942     -12
943     1
944     -23
945     -9
946     -21
947     -13
948     13
949     3
950     9
951     -12
952     14
953     10
954     -8
955     20
956     14
957     -10
958     -4
959     -6
960     8
961     -6
962     -14
963     4
964     1
965     17
966     -6
967     -4
968     8
969     -14
970     2
971     20
972     2
973     -18
974     12
975     3
976     -6
977     -6
978     -10
979     -14
980     -13
981     14
982     3
983     1
984     -6
985     -8
986     -13
987     13
988     12
989     -2
990     25
991     12
992     -9
993     14
994     10
995     -14
996     -2
997     -18
998     6
999     9
1000     -7
1001     19
1002     0
1003     -8
1004     -4
1005     -6
1006     -20
1007     -5
1008     -4
1009     16
1010     14
1011     9
1012     16
1013     -6
1014     -6
1015     -8
1016     7
1017     18
1018     16
1019     15
1020     -5
1021     -2
1022     7
1023     13
1024     -5
1025     -9
1026     9
1027     -11
1028     -17
1029     -6
1030     11
1031     4
1032     8
1033     -15
1034     22
1035     8
1036     -9
1037     13
1038     -15
1039     4
1040     -8
1041     -9
1042     -25
1043     -11
1044     6
1045     -9
1046     -6
1047     -5
1048     15
1049     10
1050     -11
1051     -17
1052     -7
1053     -2
1054     0
1055     -19
1056     -6
1057     -12
1058     7
1059     11
1060     -19
1061     -10
1062     -10
1063     0
1064     -11
1065     -7
1066     1
1067     -9
1068     25
1069     13
1070     -7
1071     6
1072     3
1073     0
1074     0
1075     -7
1076     -11
1077     20
1078     12
1079     6
1080     9
1081     8
1082     -5
1083     -17
1084     0
1085     -6
1086     -27
1087     -11
1088     15
1089     2
1090     -10
1091     2
1092     14
1093     27
1094     3
1095     -4
1096     14
1097     -10
1098     5
1099     -8
1100     -12
1101     3
1102     -17
1103     -5
1104     15
1105     19
1106     4
1107     -6
1108     5
1109     -14
1110     -19
1111     -9
1112     5
1113     -8
1114     -12
1115     -16
1116     21
1117     17
1118     16
1119     3
1120     -18
1121     12
1122     -6
1123     -20
1124     -9
1125     -5
1126     -14
1127     20
1128     -10
1129     1
1130     14
1131     -15
1132     6
1133     -18
1134     -2
1135     -5
1136     -1
1137     5
1138     0
1139     9
1140     6
1141     -7
1142     -7
1143     6
1144     -10
1145     7
1146     -2
1147     2
1148     8
1149     -21
1150     -14
1151     -28
1152     -10
1153     7
1154     -5
1155     17
1156     8
1157     15
1158     -3
1159     -12
1160     2
1161     3
1162     -9
1163     -15
1164     -4
1165     23
1166     -1
1167     6
1168     14
1169     -20
1170     -23
1171     -13
1172     8
1173     -2
1174     -24
1175     -8
1176     12
1177     -1
1178     2
1179     -13
1180     11
1181     6
1182     1
1183     -1
1184     10
1185     15
1186     -3
1187     16
1188     -22
1189     3
1190     0
1191     -11
1192     10
1193     -14
1194     7
1195     7
1196     5
1197     -10
1198     13
1199     -9
1200     -13
1201     -14
1202     -8
1203     18
1204     -20
1205     8
1206     15
1207     19
1208     6
1209     9
1210     6
1211     -4
1212     -1
1213     -14
1214     -1
1215     13
1216     6
1217     10
1218     8
1219     -12
1220     11
1221     21
1222     -2
1223     -14
1224     13
1225     -14
1226     12
1227     8
1228     8
1229     4
1230     3
1231     8
1232     -12
1233     21
1234     6
1235     15
1236     3
1237     0
1238     11
1239     15
1240     2
1241     0
1242     26
1243     4
1244     3
1245     2
1246     12
1247     8
1248     -12
1249     -13
1250     -13
1251     15
1252     1
1253     16
1254     0
1255     3
1256     3
1257     -16
1258     12
1259     -4
1260     -16
1261     -22
1262     -13
1263     13
1264     14
1265     11
1266     -8
1267     -1
1268     -8
1269     -5
1270     21
1271     6
1272     -21
1273     0
1274     -7
1275     -12
1276     10
1277     18
1278     2
1279     -8
1280     15
1281     -11
1282     -18
1283     9
1284     13
1285     3
1286     3
1287     -5
1288     -12
1289     -20
1290     -3
1291     17
1292     8
1293     15
1294     13
1295     -25
1296     -12
1297     -5
1298     -11
1299     20
1300     -3
1301     -15
1302     7
1303     1
1304     -12
1305     -26
1306     0
1307     9
1308     1
1309     10
1310     -4
1311     17
1312     8
1313     16
1314     -11
1315     20
1316     4
1317     -14
1318     20
1319     10
1320     2
1321     3
1322     -3
1323     -8
1324     6
1325     -4
1326     6
1327     -12
1328     -5
1329     -6
1330     12
1331     5
1332     -8
1333     2
1334     15
1335     9
1336     -11
1337     -6
1338     -9
1339     7
1340     24
1341     5
1342     -16
1343     -19
1344     -11
1345     3
1346     -18
1347     -14
1348     -5
1349     -4
1350     12
1351     11
1352     -7
1353     9
1354     -12
1355     -4
1356     14
1357     6
1358     3
1359     24
1360     11
1361     -16
1362     5
1363     -12
1364     -10
1365     -12
1366     -19
1367     8
1368     11
1369     6
1370     2
1371     -21
1372     -13
1373     -10
1374     -8
1375     5
1376     3
1377     19
1378     -2
1379     18
1380     1
1381     -12
1382     -2
1383     -9
1384     14
1385     2
1386     15
1387     5
1388     17
1389     11
1390     21
1391     13
1392     -25
1393     2
1394     -10
1395     -4
1396     4
1397     -11
1398     1
1399     5
1400     9
1401     -16
1402     -21
1403     -4
1404     5
1405     -14
1406     -1
1407     12
1408     20
1409     11
1410     -18
1411     -8
1412     -22
1413     -12
1414     8
1415     -4
1416     5
1417     14
1418     0
1419     -9
1420     2
1421     0
1422     -5
1423     -13
1424     -22
1425     -5
1426     0
1427     -8
1428     21
1429     3
1430     2
1431     5
1432     -20
1433     10
1434     12
1435     -8
1436     3
1437     8
1438     7
1439     19
1440     1
1441     4
1442     8
1443     -20
1444     10
1445     2
1446     -8
1447     -6
1448     -10
1449     9
1450     -3
1451     -18
1452     3
1453     18
1454     11
1455     6
1456     20
1457     3
1458     -24
1459     1
1460     9
1461     13
1462     0
1463     -10
1464     12
1465     -14
1466     -5
1467     -22
1468     -4
1469     -5
1470     -5
1471     5
1472     -10
1473     -11
1474     -11
1475     3
1476     -20
1477     -15
1478     -6
1479     2
1480     -9
1481     -1
1482     -19
1483     -20
1484     -19
1485     -6
1486     -8
1487     -8
1488     17
1489     -6
1490     -10
1491     3
1492     -14
1493     -15
1494     4
1495     0
1496     11
1497     15
1498     -10
1499     -14
1500     8
1501     24
1502     9
1503     -16
1504     11
1505     1
1506     -5
1507     8
1508     13
1509     19
1510     13
1511     17
1512     15
1513     12
1514     0
1515     -3
1516     6
1517     1
1518     -3
1519     7
1520     -27
1521     3
1522     13
1523     -14
1524     2
1525     0
1526     11
1527     -12
1528     13
1529     2
1530     -3
1531     -3
1532     -21
1533     -2
1534     -15
1535     2
1536     13
1537     -2
1538     -4
1539     14
1540     6
1541     -3
1542     -2
1543     -13
1544     -13
1545     -13
1546     -21
1547     -9
1548     19
1549     -17
1550     6
1551     6
1552     6
1553     4
1554     1
1555     -6
1556     -11
1557     9
1558     8
1559     7
1560     -8
1561     13
1562     -17
1563     5
1564     -9
1565     9
1566     -8
1567     -15
1568     18
1569     7
1570     24
1571     -14
1572     -4
1573     9
1574     -1
1575     8
1576     -2
1577     13
1578     0
1579     -6
1580     2
1581     -9
1582     -5
1583     11
1584     -17
1585     -18
1586     -9
1587     -7
1588     15
1589     6
1590     9
1591     -4
1592     -20
1593     12
1594     9
1595     -2
1596     1
1597     2
1598     -1
1599     1
1600     15
1601     -2
1602     -1
1603     15
1604     -2
1605     -12
1606     15
1607     -15
1608     -14
1609     -5
1610     -7
1611     21
1612     -24
1613     -7
1614     8
1615     -3
1616     19
1617     -16
1618     -15
1619     10
1620     15
1621     12
1622     7
1623     6
1624     10
1625     -14
1626     -17
1627     -7
1628     4
1629     9
1630     -6
1631     15
1632     0
1633     5
1634     4
1635     -2
1636     -8
1637     -16
1638     10
1639     2
1640     -17
1641     -12
1642     18
1643     15
1644     8
1645     -3
1646     -20
1647     1
1648     8
1649     9
1650     12
1651     -18
1652     4
1653     6
1654     -6
1655     -21
1656     -11
1657     -11
1658     -8
1659     18
1660     18
1661     -21
1662     -8
1663     11
1664     -15
1665     -10
1666     -9
1667     10
1668     23
1669     11
1670     -18
1671     -10
1672     1
1673     6
1674     8
1675     -3
1676     1
1677     -11
1678     -12
1679     1
1680     -20
1681     -1
1682     -8
1683     3
1684     -6
1685     -14
1686     12
1687     3
1688     -24
1689     1
1690     10
1691     -14
1692     -19
1693     -12
1694     16
1695     -3
1696     16
1697     7
1698     -1
1699     18
1700     3
1701     -14
1702     5
1703     3
1704     -21
1705     -8
1706     8
1707     -10
1708     -10
1709     9
1710     20
1711     4
1712     10
1713     16
1714     11
1715     13
1716     -21
1717     -5
1718     17
1719     4
1720     -17
1721     -2
1722     13
1723     2
1724     14
1725     -11
1726     -6
1727     5
1728     -10
1729     13
1730     -6
1731     12
1732     -12
1733     5
1734     19
1735     10
1736     14
1737     -19
1738     -5
1739     14
1740     11
1741     -19
1742     -1
1743     2
1744     -13
1745     9
1746     -8
1747     -19
1748     16
1749     9
1750     -9
1751     17
1752     8
1753     9
1754     3
1755     -17
1756     -14
1757     13
1758     -8
1759     -7
1760     14
1761     -4
1762     5
1763     -19
1764     -14
1765     17
1766     18
1767     16
1768     -12
1769     7
1770     -2
1771     -14
1772     1
1773     -6
1774     11
1775     -3
1776     11
1777     3
1778     14
1779     11
1780     6
1781     10
1782     -12
1783     -7
1784     7
1785     19
1786     19
1787     15
1788     -26
1789     -14
1790     7
1791     -8
1792     8
1793     6
1794     -13
1795     -19
1796     -4
1797     12
1798     5
1799     2
1800     5
1801     -11
1802     5
1803     15
1804     -4
1805     2
1806     -11
1807     2
1808     20
1809     -19
1810     -11
1811     15
1812     -15
1813     -7
1814     -16
1815     -16
1816     11
1817     -13
1818     -12
1819     -11
1820     -1
1821     13
1822     13
1823     11
1824     -22
1825     3
1826     -4
1827     3
1828     -10
1829     -13
1830     13
1831     9
1832     -5
1833     -13
1834     15
1835     -15
1836     -16
1837     25
1838     11
1839     8
1840     13
1841     -2
1842     10
1843     3
1844     2
1845     -4
1846     24
1847     11
1848     -9
1849     1
1850     7
1851     14
1852     12
1853     2
1854     -16
1855     -4
1856     -25
1857     -7
1858     19
1859     -12
1860     -14
1861     0
1862     13
1863     0
1864     2
1865     -16
1866     -8
1867     17
1868     -24
1869     -8
1870     11
1871     10
1872     -3
1873     -9
1874     19
1875     1
1876     17
1877     7
1878     -8
1879     -2
1880     -17
1881     -2
1882     -13
1883     -7
1884     3
1885     -1
1886     -4
1887     -2
1888     -16
1889     4
1890     7
1891     8
1892     15
1893     -6
1894     -3
1895     24
1896     8
1897     0
1898     9
1899     8
1900     12
1901     9
1902     1
1903     -7
1904     14
1905     13
1906     12
1907     -2
1908     5
1909     -15
1910     -8
1911     2
1912     -12
1913     -12
1914     18
1915     7
1916     9
1917     13
1918     -19
1919     16
1920     0
1921     6
1922     17
1923     18
1924     7
1925     -20
1926     -6
1927     18
1928     -13
1929     -4
1930     11
1931     5
1932     10
1933     -15
1934     -12
1935     0
1936     0
1937     -5
1938     9
1939     -14
1940     -8
1941     28
1942     3
1943     -14
1944     2
1945     -13
1946     -5
1947     -8
1948     1
1949     19
1950     -2
1951     19
1952     10
1953     -5
1954     -13
1955     -14
1956     5
1957     13
1958     11
1959     -8
1960     14
1961     8
1962     -21
1963     -10
1964     0
1965     3
1966     -15
1967     -17
1968     -2
1969     -2
1970     8
1971     2
1972     12
1973     -1
1974     -16
1975     -20
1976     2
1977     17
1978     4
1979     -11
1980     -10
1981     -6
1982     -15
1983     6
1984     -9
1985     -7
1986     -18
1987     -20
1988     16
1989     14
1990     7
1991     8
1992     17
1993     12
1994     2
1995     -3
1996     -15
1997     8
1998     -21
1999     -9
2000     21
2001     5
2002     -18
2003     5
2004     13
2005     8
2006     -8
2007     -12
2008     23
2009     4
2010     17
2011     -1
2012     -3
2013     -5
2014     -3
2015     2
2016     -18
2017     11
2018     5
2019     -7
2020     -11
2021     2
2022     -15
2023     -7
2024     6
2025     -12
2026     -8
2027     -16
2028     -12
2029     0
2030     1
2031     -17
2032     -8
2033     23
2034     16
2035     1
2036     -6
2037     -7
2038     2
2039     -21
2040     -14
2041     -12
2042     -1
2043     11
2044     -8
2045     -7
2046     22
2047     -7
2048     -10
2049     15
2050     -15
2051     23
2052     10
2053     -2
2054     7
2055     17
2056     9
2057     -17
2058     -21
2059     -18
2060     -11
2061     1
2062     7
2063     8
2064     13
2065     0
2066     10
2067     -12
2068     -11
2069     -1
2070     -13
2071     -5
2072     -9
2073     -8
2074     11
2075     -7
2076     -5
2077     1
2078     -19
2079     -9
2080     -4
2081     -19
2082     4
2083     -27
2084     -10
2085     7
2086     8
2087     11
2088     -12
2089     21
2090     -3
2091     12
2092     -10
2093     -14
2094     8
2095     -2
2096     7
2097     14
2098     -2
2099     -16
2100     -10
2101     6
2102     12
2103     0
2104     -16
2105     -13
2106     18
2107     6
2108     -5
2109     9
2110     -6
2111     -16
2112     -24
2113     -4
2114     -1
2115     -13
2116     8
2117     24
2118     11
2119     -14
2120     -27
2121     -7
2122     9
2123     -12
2124     19
2125     -8
2126     -18
2127     -13
2128     -10
2129     6
2130     -16
2131     -15
2132     4
2133     -6
2134     -14
2135     -9
2136     -22
2137     -13
2138     -1
2139     5
2140     16
2141     15
2142     4
2143     13
2144     -3
2145     -2
2146     -15
2147     -5
2148     -7
2149     -3
2150     13
2151     -17
2152     -9
2153     5
2154     9
2155     -20
2156     -3
2157     9
2158     22
2159     16
2160     -8
2161     6
2162     19
2163     -1
2164     3
2165     13
2166     -6
2167     -7
2168     20
2169     6
2170     -19
2171     4
2172     -20
2173     2
2174     -15
2175     -13
2176     8
2177     -20
2178     -3
2179     -9
2180     -3
2181     9
2182     -18
2183     -12
2184     4
2185     -6
2186     19
2187     -22
2188     -1
2189     17
2190     -6
2191     -3
2192     -10
2193     15
2194     6
2195     7
2196     13
2197     13
2198     15
2199     -3
2200     2
2201     11
2202     -24
2203     -8
2204     16
2205     18
