1     19
2     19
3     6
4     -1
5     -11
6     -1
7     15
8     -15
9     28
10     4
11     4
12     11
13     -17
14     14
15     0
16     -18
17     -6
18     1
19     -7
20     7
21     12
22     7
23     24
24     6
25     -8
26     -26
27     -5
28     12
29     9
30     -8
31     -10
32     13
33     -17
34     -4
35     -21
36     -21
37     -15
38     10
39     12
40     -11
41     16
42     8
43     -1
44     2
45     22
46     10
47     -10
48     -15
49     2
50     -2
51     -15
52     -4
53     -10
54     12
55     -25
56     0
57     11
58     -16
59     -4
60     -18
61     7
62     16
63     15
64     2
65     -21
66     -5
67     -16
68     -14
69     10
70     -8
71     -17
72     -15
73     1
74     10
75     -7
76     34
77     4
78     -6
79     12
80     -14
81     21
82     14
83     -11
84     5
85     10
86     4
87     -5
88     4
89     9
90     1
91     17
92     -10
93     12
94     15
95     -20
96     -4
97     5
98     -11
99     -11
100     -5
101     5
102     14
103     0
104     13
105     7
106     -3
107     14
108     -3
109     -18
110     4
111     -6
112     -18
113     -9
114     -13
115     -19
116     -9
117     21
118     -5
119     -3
120     11
121     -8
122     9
123     10
124     12
125     19
126     11
127     1
128     22
129     6
130     -5
131     -16
132     -15
133     16
134     18
135     2
136     -6
137     3
138     22
139     15
140     14
141     -9
142     -12
143     16
144     13
145     3
146     -3
147     8
148     -27
149     -11
150     -16
151     5
152     8
153     6
154     12
155     -19
156     -2
157     -9
158     -15
159     -12
160     2
161     -6
162     11
163     2
164     -9
165     -10
166     -17
167     -12
168     -2
169     -9
170     -14
171     10
172     13
173     18
174     -1
175     6
176     18
177     14
178     9
179     -1
180     -16
181     2
182     17
183     17
184     1
185     -4
186     16
187     -8
188     19
189     6
190     1
191     14
192     0
193     5
194     -16
195     15
196     8
197     18
198     7
199     -6
200     -10
201     -11
202     5
203     -9
204     19
205     -11
206     -8
207     -12
208     14
209     12
210     -20
211     13
212     -3
213     -9
214     -27
215     -8
216     -1
217     -14
218     10
219     13
220     -14
221     0
222     3
223     -6
224     4
225     -1
226     12
227     -22
228     15
229     17
230     16
231     3
232     -17
233     5
234     7
235     5
236     -16
237     -16
238     5
239     0
240     -9
241     23
242     -14
243     -12
244     5
245     -19
246     21
247     14
248     -4
249     -1
250     -6
251     -18
252     -10
253     -17
254     6
255     11
256     -7
257     12
258     16
259     0
260     7
261     -1
262     -17
263     -4
264     -19
265     -22
266     -12
267     -4
268     -9
269     -5
270     9
271     19
272     18
273     13
274     6
275     5
276     -14
277     13
278     -10
279     -8
280     9
281     -14
282     -13
283     -2
284     10
285     -8
286     -10
287     9
288     -3
289     13
290     4
291     -15
292     20
293     -8
294     1
295     -16
296     -16
297     -4
298     4
299     6
300     -14
301     7
302     9
303     -3
304     -19
305     -11
306     -16
307     -18
308     8
309     10
310     -16
311     -7
312     9
313     -17
314     -4
315     -4
316     -7
317     11
318     5
319     18
320     21
321     -3
322     -7
323     15
324     8
325     11
326     23
327     4
328     -19
329     5
330     5
331     -23
332     -6
333     -17
334     -18
335     3
336     -8
337     -15
338     -11
339     14
340     12
341     14
342     -9
343     -19
344     0
345     -7
346     12
347     -8
348     -11
349     13
350     5
351     -12
352     -1
353     -17
354     -13
355     9
356     -8
357     6
358     -15
359     -8
360     -16
361     10
362     24
363     8
364     -2
365     -1
366     -11
367     -24
368     18
369     11
370     0
371     -9
372     6
373     13
374     3
375     -3
376     -17
377     -10
378     -4
379     -6
380     -6
381     13
382     3
383     2
384     1
385     4
386     20
387     -4
388     -8
389     13
390     4
391     1
392     -6
393     -3
394     11
395     -9
396     11
397     9
398     5
399     3
400     -13
401     -5
402     13
403     12
404     -9
405     -9
406     11
407     9
408     13
409     11
410     18
411     8
412     8
413     21
414     3
415     4
416     17
417     -11
418     -21
419     15
420     -6
421     7
422     8
423     3
424     14
425     9
426     0
427     -8
428     17
429     14
430     -16
431     -12
432     18
433     16
434     -18
435     -20
436     -6
437     -1
438     15
439     21
440     -1
441     1
442     15
443     0
444     17
445     4
446     -17
447     14
448     15
449     12
450     -11
451     -18
452     3
453     -16
454     -10
455     -17
456     -24
457     16
458     -11
459     -9
460     13
461     -17
462     1
463     19
464     19
465     7
466     -10
467     12
468     8
469     -10
470     6
471     -16
472     5
473     12
474     1
475     16
476     -4
477     -14
478     -5
479     8
480     17
481     -1
482     -7
483     1
484     -13
485     -12
486     -3
487     18
488     20
489     -14
490     -11
491     -2
492     8
493     -20
494     -7
495     20
496     10
497     14
498     -13
499     -1
500     22
501     16
502     20
503     10
504     -12
505     9
506     4
507     2
508     -11
509     6
510     9
511     -21
512     -1
513     10
514     17
515     -12
516     -4
517     14
518     -9
519     -4
520     -1
521     3
522     13
523     16
524     23
525     11
526     15
527     14
528     -10
529     -14
530     -15
531     4
532     7
533     4
534     -10
535     -12
536     -18
537     -19
538     15
539     -5
540     16
541     12
542     -17
543     4
544     -4
545     -4
546     17
547     9
548     9
549     7
550     -16
551     14
552     6
553     9
554     23
555     10
556     -8
557     -6
558     4
559     5
560     15
561     -4
562     12
563     23
564     -18
565     -15
566     -4
567     1
568     10
569     -14
570     -22
571     -2
572     16
573     -7
574     7
575     2
576     -19
577     -12
578     -4
579     12
580     16
581     2
582     -14
583     0
584     -15
585     -10
586     21
587     0
588     -6
589     15
590     -1
591     -16
592     8
593     22
594     -17
595     13
596     18
597     -2
598     6
599     -14
600     5
601     -17
602     8
603     -15
604     -21
605     1
606     -6
607     21
608     -5
609     6
610     -14
611     -19
612     22
613     -9
614     -10
615     -15
616     -13
617     5
618     7
619     12
620     -18
621     -10
622     17
623     9
624     -14
625     -17
626     11
627     5
628     -5
629     16
630     8
631     17
632     -12
633     3
634     20
635     -3
636     1
637     6
638     11
639     -6
640     -9
641     10
642     19
643     -6
644     -7
645     8
646     4
647     -7
648     -6
649     22
650     17
651     -17
652     6
653     -11
654     -5
655     -8
656     11
657     2
658     -2
659     23
660     12
661     -12
662     -7
663     16
664     10
665     17
666     2
667     -2
668     -20
669     15
670     -3
671     -18
672     -1
673     -8
674     0
675     -2
676     5
677     -7
678     -7
679     11
680     -13
681     -13
682     -6
683     8
684     2
685     -23
686     -5
687     13
688     8
689     -11
690     -13
691     10
692     6
693     -5
694     14
695     4
696     -16
697     -4
698     -18
699     -10
700     7
701     -18
702     -10
703     13
704     -4
705     -6
706     8
707     -4
708     -14
709     -19
710     16
711     3
712     -8
713     -11
714     -3
715     -7
716     -12
717     2
718     -16
719     0
720     -10
721     2
722     10
723     1
724     9
725     2
726     -7
727     8
728     12
729     -14
730     -11
731     -3
732     15
733     24
734     -18
735     -6
736     5
737     16
738     12
739     -2
740     2
741     -2
742     4
743     -16
744     14
745     9
746     7
747     3
748     5
749     -9
750     -11
751     -8
752     8
753     18
754     15
755     2
756     0
757     16
758     -1
759     14
760     13
761     -21
762     -6
763     -13
764     -21
765     -10
766     -1
767     13
768     -13
769     12
770     24
771     2
772     -16
773     9
774     -12
775     -10
776     0
777     -1
778     16
779     -8
780     2
781     -8
782     -10
783     10
784     -6
785     -23
786     -5
787     17
788     1
789     -7
790     -18
791     8
792     -15
793     -9
794     6
795     -11
796     4
797     -10
798     -1
799     5
800     -8
801     9
802     14
803     4
804     4
805     1
806     0
807     -1
808     7
809     3
810     -15
811     1
812     -3
813     -4
814     10
815     -7
816     4
817     -6
818     -1
819     14
820     12
821     -11
822     10
823     3
824     -16
825     -1
826     -2
827     4
828     -11
829     -10
830     5
831     -3
832     6
833     14
834     16
835     4
836     -9
837     2
838     10
839     2
840     -1
841     -1
842     -21
843     5
844     -19
845     -12
846     22
847     -10
848     3
849     -3
850     -10
851     -21
852     5
853     1
854     -12
855     10
856     8
857     8
858     17
859     21
860     -12
861     -7
862     -11
863     -4
864     -10
865     -9
866     6
867     2
868     -9
869     -15
870     5
871     -1
872     -11
873     -3
874     1
875     2
876     15
877     -7
878     -16
879     -16
880     -21
881     16
882     21
883     -10
884     -16
885     1
886     -6
887     -11
888     17
889     -6
890     -18
891     -14
892     -19
893     -23
894     9
895     7
896     -18
897     14
898     -7
899     -18
900     -16
901     3
902     -2
903     7
904     26
905     13
906     -4
907     9
908     4
909     14
910     26
911     18
912     5
913     13
914     7
915     -20
916     -1
917     9
918     2
919     9
920     3
921     -12
922     -15
923     15
924     -1
925     -22
926     -3
927     -14
928     -12
929     -11
930     -23
931     13
932     15
933     -1
934     -9
935     -15
936     13
937     -11
938     9
939     15
940     12
941     20
942     4
943     -11
944     -3
945     4
946     -1
947     2
948     -21
949     7
950     11
951     -20
952     -16
953     -17
954     17
955     13
956     -6
957     20
958     2
959     15
960     -12
961     -22
962     2
963     17
964     7
965     -14
966     14
967     -7
968     -24
969     -10
970     -18
971     -1
972     18
973     -11
974     1
975     -13
976     -17
977     14
978     14
979     1
980     12
981     -6
982     -4
983     5
984     -17
985     13
986     8
987     -11
988     -21
989     -9
990     10
991     8
992     -1
993     14
994     11
995     -22
996     10
997     -15
998     -15
999     19
1000     3
1001     1
1002     1
1003     -4
1004     18
1005     24
1006     -14
1007     12
1008     -5
1009     9
1010     20
1011     2
1012     14
1013     12
1014     11
1015     13
1016     10
1017     -3
1018     -7
1019     -10
1020     -8
1021     -6
1022     10
1023     -8
1024     17
1025     17
1026     -6
1027     1
1028     -11
1029     -1
1030     7
1031     17
1032     6
1033     5
1034     -12
1035     -12
1036     -13
1037     7
1038     -10
1039     -8
1040     15
1041     1
1042     14
1043     -11
1044     6
1045     -16
1046     -22
1047     13
1048     -10
1049     11
1050     1
1051     10
1052     3
1053     -18
1054     -14
1055     -2
1056     -4
1057     12
1058     13
1059     -23
1060     15
1061     2
1062     -13
1063     -20
1064     -4
1065     10
1066     -15
1067     9
1068     16
1069     -19
1070     -20
1071     14
1072     -4
1073     10
1074     -11
1075     -16
1076     -7
1077     12
1078     26
1079     14
1080     0
1081     2
1082     5
1083     7
1084     0
1085     14
1086     -7
1087     -8
1088     14
1089     9
1090     20
1091     -1
1092     10
1093     -9
1094     -6
1095     -11
1096     7
1097     -8
1098     7
1099     23
1100     -4
1101     0
1102     8
1103     11
1104     -2
1105     20
1106     17
1107     6
1108     3
1109     14
1110     13
1111     -19
1112     6
1113     15
1114     10
1115     -4
1116     -2
1117     20
1118     2
1119     1
1120     0
1121     15
1122     10
1123     11
1124     -8
1125     -4
1126     0
1127     -3
1128     -4
1129     14
1130     14
1131     -18
1132     9
1133     -9
1134     -8
1135     13
1136     19
1137     -2
1138     -17
1139     -15
1140     0
1141     -10
1142     -17
1143     8
1144     -17
1145     -14
1146     18
1147     18
1148     -14
1149     16
1150     5
1151     -23
1152     2
1153     -10
1154     -1
1155     -14
1156     -11
1157     -7
1158     -18
1159     6
1160     3
1161     8
1162     -17
1163     13
1164     23
1165     -9
1166     6
1167     -3
1168     16
1169     13
1170     16
1171     11
1172     10
1173     -16
1174     -20
1175     -18
1176     -13
1177     13
1178     7
1179     4
1180     12
1181     12
1182     9
1183     7
1184     -8
1185     13
1186     -15
1187     -18
1188     0
1189     6
1190     4
1191     -15
1192     9
1193     6
1194     19
1195     -16
1196     13
1197     12
1198     6
1199     1
1200     -20
1201     7
1202     -7
1203     16
1204     -11
1205     -21
1206     18
1207     17
1208     6
1209     18
1210     5
1211     7
1212     17
1213     9
1214     7
1215     6
1216     -4
1217     3
1218     13
1219     -11
1220     6
1221     6
1222     -13
1223     -10
1224     -13
1225     -4
1226     -9
1227     -15
1228     15
1229     -18
1230     -17
1231     13
1232     -13
1233     -10
1234     -4
1235     -22
1236     -18
1237     8
1238     7
1239     1
1240     2
1241     14
1242     -7
1243     2
1244     13
1245     -3
1246     -13
1247     16
1248     17
1249     8
1250     7
1251     -7
1252     6
1253     23
1254     -12
1255     -13
1256     13
1257     -14
1258     10
1259     -16
1260     14
1261     -6
1262     -9
1263     14
1264     10
1265     20
1266     16
1267     -10
1268     -21
1269     13
1270     -7
1271     2
1272     -3
1273     6
1274     -12
1275     -12
1276     6
1277     9
1278     -1
1279     -14
1280     8
1281     -17
1282     -17
1283     3
1284     20
1285     12
1286     6
1287     -5
1288     -4
1289     2
1290     7
1291     19
1292     -13
1293     9
1294     4
1295     17
1296     -11
1297     -19
1298     1
1299     -5
1300     19
1301     -2
1302     14
1303     0
1304     14
1305     20
1306     -15
1307     -9
1308     1
1309     9
1310     6
1311     3
1312     -11
1313     -7
1314     -10
1315     -18
1316     13
1317     -1
1318     0
1319     -1
1320     18
1321     9
1322     0
1323     11
1324     -10
1325     17
1326     4
1327     8
1328     6
1329     -11
1330     -12
1331     -4
1332     2
1333     -13
1334     -13
1335     11
1336     -17
1337     -7
1338     14
1339     3
1340     9
1341     -6
1342     9
1343     6
1344     -14
1345     16
1346     21
1347     22
1348     -11
1349     -3
1350     20
1351     13
1352     14
1353     -15
1354     -18
1355     -12
1356     5
1357     -15
1358     9
1359     -3
1360     -20
1361     7
1362     13
1363     21
1364     -13
1365     -7
1366     -11
1367     6
1368     10
1369     -17
1370     7
1371     -2
1372     6
1373     -12
1374     0
1375     23
1376     6
1377     -1
1378     7
1379     -7
1380     -6
1381     19
1382     11
1383     -3
1384     5
1385     7
1386     10
1387     -19
1388     -19
1389     4
1390     8
1391     3
1392     -6
1393     16
1394     -10
1395     -25
1396     -18
1397     3
1398     6
1399     5
1400     -10
1401     -16
1402     -15
1403     14
1404     -13
1405     -16
1406     13
1407     -9
1408     19
1409     13
1410     -11
1411     -18
1412     8
1413     -4
1414     -4
1415     -15
1416     -16
1417     1
1418     -18
1419     9
1420     -11
1421     7
1422     24
1423     8
1424     -2
1425     -4
1426     14
1427     6
1428     9
1429     -6
1430     -11
1431     -4
1432     -2
1433     0
1434     -18
1435     -14
1436     -4
1437     2
1438     7
1439     12
1440     4
1441     5
1442     6
1443     -14
1444     9
1445     16
1446     2
1447     4
1448     -12
1449     14
1450     20
1451     -5
1452     13
1453     -1
1454     -3
1455     -14
1456     -22
1457     4
1458     -18
1459     -18
1460     -18
1461     -15
1462     -3
1463     -17
1464     14
1465     -5
1466     -10
1467     12
1468     -13
1469     -4
1470     -13
1471     -18
1472     20
1473     -14
1474     2
1475     -10
1476     -21
1477     -9
1478     -8
1479     20
1480     -15
1481     -5
1482     -19
1483     15
1484     14
1485     -17
1486     -4
1487     -19
1488     8
1489     -11
1490     -19
1491     -10
1492     4
1493     13
1494     6
1495     19
1496     -1
1497     12
1498     10
1499     -1
1500     13
1501     8
1502     15
1503     -1
1504     18
1505     -12
1506     -3
1507     23
1508     -12
1509     -7
1510     2
1511     -18
1512     -16
1513     -9
1514     1
1515     17
1516     -4
1517     2
1518     9
1519     17
1520     -7
1521     12
1522     -13
1523     -24
1524     10
1525     -8
1526     19
1527     -13
1528     0
1529     4
1530     -3
1531     14
1532     -12
1533     -1
1534     -13
1535     0
1536     11
1537     -9
1538     -11
1539     6
1540     -6
1541     14
1542     15
1543     -16
1544     -11
1545     3
1546     17
1547     -4
1548     7
1549     1
1550     9
1551     13
1552     0
1553     11
1554     -19
1555     11
1556     21
1557     -11
1558     8
1559     -13
1560     3
1561     1
1562     -10
1563     -11
1564     -8
1565     0
1566     -24
1567     -9
1568     6
1569     4
1570     -14
1571     -17
1572     11
1573     -13
1574     3
1575     6
1576     -1
1577     17
1578     -14
1579     -8
1580     14
1581     -13
1582     0
1583     22
1584     16
1585     0
1586     -3
1587     -11
1588     17
1589     -9
1590     0
1591     -3
1592     3
1593     18
1594     -10
1595     18
1596     -16
1597     3
1598     -15
1599     -14
1600     13
1601     14
1602     12
1603     -10
1604     8
1605     -7
1606     -18
1607     10
1608     3
1609     9
1610     10
1611     17
1612     7
1613     1
1614     3
1615     -21
1616     18
1617     -3
1618     16
1619     -15
1620     -5
1621     17
1622     8
1623     16
1624     -15
1625     -2
1626     -14
1627     15
1628     -4
1629     -11
1630     -14
1631     -6
1632     23
1633     3
1634     -6
1635     12
1636     18
1637     -21
1638     -9
1639     19
1640     -7
1641     9
1642     15
1643     -19
1644     -5
1645     15
1646     -7
1647     0
1648     -5
1649     -2
1650     -11
1651     -4
1652     18
1653     14
1654     2
1655     -2
1656     9
1657     -1
1658     18
1659     -11
1660     -8
1661     13
1662     -17
1663     -19
1664     6
1665     6
1666     -19
1667     -17
1668     -4
1669     20
1670     0
1671     -6
1672     18
1673     1
1674     15
1675     3
1676     -8
1677     -13
1678     0
1679     23
1680     2
1681     2
1682     -10
1683     -19
1684     -13
1685     -13
1686     12
1687     -17
1688     4
1689     1
1690     -25
1691     18
1692     -4
1693     -13
1694     0
1695     -15
1696     -15
1697     -13
1698     1
1699     0
1700     -1
1701     12
1702     6
1703     9
1704     20
1705     21
1706     -13
1707     -12
1708     -8
1709     -2
1710     -3
1711     -11
1712     -21
1713     2
1714     7
1715     0
1716     -2
1717     -21
1718     16
1719     4
1720     14
1721     11
1722     -14
1723     -14
1724     -15
1725     -10
1726     -6
1727     17
1728     -12
1729     6
1730     21
1731     1
1732     0
1733     -2
1734     17
1735     -14
1736     -8
1737     6
1738     -12
1739     -6
1740     11
1741     -9
1742     -4
1743     -4
1744     3
1745     24
1746     -14
1747     5
1748     17
1749     -6
1750     -8
1751     -16
1752     6
1753     18
1754     0
1755     -2
1756     -13
1757     0
1758     16
1759     -16
1760     -7
1761     1
1762     -16
1763     11
1764     9
1765     2
1766     18
1767     -11
1768     -13
1769     -4
1770     -17
1771     13
1772     16
1773     -11
1774     -3
1775     4
1776     -19
1777     -20
1778     -7
1779     7
1780     19
1781     -6
1782     -5
1783     5
1784     -3
1785     2
1786     -18
1787     4
1788     -16
1789     -15
1790     15
1791     -4
1792     14
1793     16
1794     -4
1795     -19
1796     7
1797     -1
1798     12
1799     17
1800     -4
1801     -14
1802     -17
1803     4
1804     -9
1805     10
1806     -11
1807     12
1808     10
1809     -2
1810     5
1811     -16
1812     -2
1813     -19
1814     -8
1815     -18
1816     2
1817     11
1818     10
1819     18
1820     -9
1821     2
1822     13
1823     -3
1824     -1
1825     -5
1826     -11
1827     6
1828     -8
1829     -2
1830     18
1831     -16
1832     -3
1833     10
1834     8
1835     22
1836     20
1837     19
1838     20
1839     17
1840     16
1841     22
1842     -13
1843     -22
1844     12
1845     0
1846     -12
1847     -17
1848     -12
1849     -17
1850     -17
1851     1
1852     2
1853     -2
1854     15
1855     4
1856     2
1857     9
1858     6
1859     -2
1860     -17
1861     12
1862     24
1863     -9
1864     -18
1865     16
1866     3
1867     12
1868     -7
1869     -13
1870     1
1871     -21
1872     3
1873     -5
1874     -16
1875     6
1876     15
1877     -3
1878     -17
1879     4
1880     -8
1881     8
1882     -12
1883     -23
1884     22
1885     -10
1886     10
1887     8
1888     -7
1889     4
1890     -6
1891     16
1892     -10
1893     8
1894     24
1895     -6
1896     13
1897     5
1898     -18
1899     -12
1900     7
1901     17
1902     7
1903     9
1904     -7
1905     -22
1906     -11
1907     5
1908     18
1909     14
1910     -6
1911     -10
1912     -1
1913     -2
1914     -16
1915     7
1916     11
1917     0
1918     2
1919     -8
1920     -4
1921     12
1922     -8
1923     -8
1924     -9
1925     -16
1926     0
1927     11
1928     16
1929     -5
1930     9
1931     11
1932     13
1933     18
1934     2
1935     16
1936     18
1937     -5
1938     1
1939     -6
1940     5
1941     6
1942     -5
1943     22
1944     -7
1945     -21
1946     14
1947     -8
1948     -16
1949     -11
1950     -10
1951     -14
1952     -19
1953     3
1954     -14
1955     -14
1956     18
1957     0
1958     9
1959     15
1960     -10
1961     17
1962     -8
1963     6
1964     21
1965     -21
1966     7
1967     -2
1968     -21
1969     7
1970     -1
1971     -18
1972     2
1973     -17
1974     -12
1975     14
1976     -18
1977     -21
1978     3
1979     -5
1980     0
1981     16
1982     16
1983     -6
1984     -21
1985     3
1986     4
1987     -1
1988     12
1989     -10
1990     2
1991     -10
1992     -10
1993     -11
1994     -6
1995     20
1996     -15
1997     -6
1998     -3
1999     -17
2000     10
2001     -19
2002     -19
2003     -3
2004     3
2005     -14
2006     -9
2007     11
2008     -8
2009     13
2010     -10
2011     6
2012     -3
2013     3
2014     -7
2015     0
2016     13
2017     3
2018     -2
2019     2
2020     -9
2021     -19
2022     -16
2023     -6
2024     -1
2025     -20
2026     2
2027     -1
2028     12
2029     -11
2030     5
2031     -2
2032     1
2033     20
2034     -6
2035     -13
2036     -3
2037     4
2038     0
2039     -16
2040     15
2041     17
2042     -4
2043     -8
2044     -19
2045     10
2046     -14
2047     -21
2048     -3
2049     -13
2050     -17
2051     4
2052     23
2053     -6
2054     -11
2055     5
2056     5
2057     -9
2058     -11
2059     7
2060     -9
2061     -19
2062     -5
2063     13
2064     20
2065     -5
2066     -14
2067     -3
2068     11
2069     11
2070     -6
2071     8
2072     11
2073     10
2074     9
2075     5
2076     11
2077     -5
2078     -9
2079     13
2080     18
2081     1
2082     6
2083     -16
2084     -12
2085     -16
2086     14
2087     22
2088     -17
2089     14
2090     8
2091     -18
2092     -13
2093     -12
2094     18
2095     0
2096     -8
2097     20
2098     20
2099     -3
2100     -23
2101     -10
2102     -23
2103     6
2104     -5
2105     7
2106     14
2107     -7
2108     18
2109     -4
2110     -3
2111     4
2112     4
2113     -11
2114     -3
2115     -8
2116     -18
2117     13
2118     3
2119     -11
2120     -25
2121     -9
2122     14
2123     9
2124     14
2125     -3
2126     14
2127     -4
2128     -1
2129     -14
2130     -8
2131     19
2132     7
2133     -13
2134     -15
2135     12
2136     -17
2137     4
2138     -8
2139     -12
2140     8
2141     -8
2142     18
2143     -14
2144     6
2145     6
2146     -15
2147     -13
2148     -2
2149     0
2150     -19
2151     -7
2152     -17
2153     16
2154     -10
2155     11
2156     -13
2157     1
2158     12
2159     -13
2160     21
2161     -4
2162     15
2163     6
2164     2
2165     0
2166     -12
2167     4
2168     5
2169     -11
2170     5
2171     13
2172     -14
2173     -13
2174     20
2175     2
2176     11
2177     14
2178     -2
2179     19
2180     -17
2181     12
2182     -10
2183     -26
2184     9
2185     0
2186     -9
2187     13
2188     -1
2189     7
2190     7
2191     14
2192     17
2193     -19
2194     -11
2195     -20
2196     -12
2197     -14
2198     17
2199     24
2200     -13
2201     11
2202     -6
2203     -10
2204     14
2205     10
