1     16
2     -14
3     -6
4     9
5     -20
6     -5
7     3
8     -17
9     -3
10     3
11     5
12     -11
13     14
14     -7
15     -1
16     12
17     0
18     16
19     -14
20     3
21     -11
22     -1
23     -18
24     -2
25     1
26     -8
27     17
28     -11
29     -1
30     9
31     -10
32     -15
33     -3
34     2
35     20
36     16
37     -4
38     -9
39     -15
40     15
41     12
42     -8
43     -1
44     9
45     5
46     -16
47     12
48     18
49     1
50     2
51     23
52     -3
53     -12
54     17
55     10
56     -2
57     -25
58     -3
59     22
60     6
61     -5
62     -9
63     24
64     11
65     2
66     12
67     11
68     -2
69     -4
70     -5
71     0
72     8
73     1
74     1
75     -10
76     18
77     4
78     3
79     -8
80     -14
81     9
82     19
83     1
84     -14
85     -13
86     -3
87     8
88     -3
89     -6
90     -14
91     -14
92     -10
93     16
94     5
95     -22
96     -10
97     1
98     -10
99     -24
100     -11
101     -3
102     -14
103     -8
104     -14
105     12
106     11
107     -1
108     -2
109     6
110     5
111     -13
112     10
113     11
114     -11
115     -9
116     -17
117     -8
118     16
119     -14
120     -15
121     6
122     -25
123     -3
124     11
125     -16
126     -5
127     -6
128     10
129     -20
130     -8
131     -4
132     -12
133     -25
134     -9
135     7
136     -2
137     12
138     0
139     18
140     16
141     10
142     25
143     1
144     -11
145     26
146     14
147     -8
148     -21
149     -9
150     8
151     8
152     -18
153     -2
154     15
155     7
156     -9
157     -1
158     5
159     -5
160     13
161     -10
162     12
163     10
164     -6
165     -12
166     2
167     -6
168     -15
169     5
170     -1
171     9
172     -2
173     -5
174     17
175     -1
176     -12
177     11
178     16
179     -17
180     -13
181     -5
182     -10
183     -19
184     -3
185     -1
186     0
187     9
188     11
189     8
190     -8
191     2
192     -11
193     -12
194     -10
195     25
196     10
197     -17
198     -11
199     -18
200     5
201     1
202     -2
203     -15
204     -6
205     5
206     -19
207     -11
208     -9
209     5
210     -17
211     0
212     2
213     -10
214     13
215     -21
216     24
217     0
218     -14
219     25
220     -1
221     26
222     0
223     -2
224     4
225     -4
226     16
227     -13
228     6
229     12
230     -19
231     -3
232     -10
233     -8
234     18
235     -1
236     17
237     20
238     -3
239     3
240     -5
241     -9
242     -7
243     -11
244     -4
245     14
246     4
247     -15
248     17
249     -9
250     -4
251     9
252     -20
253     -1
254     18
255     -18
256     -5
257     10
258     4
259     -14
260     -5
261     -1
262     10
263     3
264     -16
265     -8
266     -4
267     -3
268     12
269     -2
270     4
271     18
272     5
273     0
274     -4
275     -10
276     -20
277     16
278     -2
279     -10
280     16
281     -5
282     -1
283     -10
284     -18
285     -21
286     -6
287     -3
288     -14
289     -16
290     -12
291     16
292     4
293     -13
294     -16
295     -25
296     0
297     3
298     -10
299     -6
300     10
301     -3
302     -10
303     8
304     -6
305     9
306     21
307     16
308     5
309     -13
310     -17
311     6
312     15
313     10
314     11
315     14
316     23
317     -15
318     8
319     3
320     -21
321     9
322     10
323     8
324     4
325     -12
326     -27
327     -1
328     -7
329     16
330     -3
331     -4
332     28
333     -11
334     14
335     -4
336     -26
337     5
338     12
339     2
340     4
341     -9
342     10
343     14
344     -19
345     11
346     -2
347     -15
348     13
349     8
350     10
351     -7
352     -24
353     -1
354     -2
355     11
356     1
357     5
358     20
359     11
360     14
361     -8
362     6
363     11
364     -13
365     -13
366     -11
367     11
368     1
369     -2
370     -2
371     -12
372     1
373     -16
374     10
375     3
376     6
377     5
378     -25
379     8
380     9
381     15
382     12
383     -6
384     -9
385     -1
386     0
387     0
388     -6
389     -5
390     -5
391     5
392     8
393     5
394     3
395     3
396     28
397     -10
398     10
399     2
400     -26
401     13
402     16
403     16
404     5
405     9
406     -10
407     2
408     25
409     8
410     -15
411     -8
412     12
413     18
414     0
415     -16
416     16
417     4
418     -13
419     1
420     -19
421     1
422     18
423     -15
424     0
425     9
426     16
427     16
428     0
429     7
430     2
431     2
432     -4
433     -6
434     6
435     10
436     17
437     -7
438     9
439     22
440     1
441     4
442     2
443     14
444     26
445     -5
446     1
447     4
448     -15
449     -3
450     -11
451     -5
452     0
453     -5
454     14
455     13
456     11
457     5
458     -2
459     -14
460     -2
461     9
462     -19
463     -10
464     -12
465     -8
466     3
467     -1
468     15
469     -8
470     1
471     -8
472     3
473     -1
474     2
475     22
476     -7
477     17
478     13
479     -16
480     3
481     -1
482     3
483     5
484     0
485     26
486     5
487     -4
488     -7
489     2
490     20
491     -11
492     -2
493     8
494     -13
495     6
496     6
497     -1
498     2
499     -15
500     0
501     18
502     -9
503     -18
504     11
505     22
506     -8
507     16
508     5
509     12
510     14
511     9
512     5
513     -24
514     -11
515     -21
516     -13
517     9
518     20
519     -3
520     -18
521     -14
522     3
523     16
524     -9
525     -2
526     -7
527     -21
528     1
529     1
530     0
531     -11
532     -6
533     15
534     18
535     -13
536     -12
537     8
538     -6
539     -7
540     -8
541     14
542     -8
543     -2
544     16
545     2
546     -20
547     4
548     1
549     -16
550     1
551     -3
552     -1
553     15
554     2
555     -23
556     -19
557     -10
558     9
559     -13
560     -9
561     14
562     14
563     -9
564     -23
565     0
566     7
567     18
568     14
569     -13
570     12
571     1
572     -4
573     -11
574     -11
575     15
576     22
577     -4
578     9
579     18
580     16
581     20
582     17
583     17
584     10
585     26
586     -3
587     18
588     -4
589     2
590     -1
591     -24
592     6
593     8
594     -7
595     -25
596     1
597     13
598     10
599     24
600     -3
601     2
602     25
603     -18
604     -14
605     -10
606     14
607     4
608     -24
609     7
610     -11
611     -8
612     5
613     14
614     -4
615     -10
616     -8
617     -17
618     -14
619     -24
620     -3
621     17
622     3
623     3
624     -7
625     -18
626     17
627     -12
628     2
629     16
630     6
631     2
632     -1
633     -11
634     -8
635     -6
636     9
637     6
638     -14
639     5
640     -12
641     10
642     3
643     -13
644     -13
645     -5
646     -5
647     11
648     12
649     -3
650     -5
651     -8
652     -8
653     -14
654     -22
655     3
656     23
657     -3
658     -25
659     7
660     6
661     5
662     28
663     -17
664     -13
665     -24
666     7
667     -1
668     -12
669     23
670     8
671     21
672     -1
673     -10
674     -4
675     17
676     -1
677     5
678     -9
679     -12
680     27
681     -10
682     -1
683     14
684     -9
685     -11
686     17
687     -5
688     -21
689     4
690     18
691     3
692     -5
693     -6
694     11
695     9
696     6
697     -8
698     -7
699     0
700     -19
701     -2
702     19
703     -3
704     -22
705     15
706     14
707     -8
708     -23
709     -9
710     -10
711     -23
712     8
713     -13
714     -6
715     24
716     -13
717     2
718     7
719     -19
720     -4
721     -12
722     -12
723     -5
724     -5
725     -10
726     13
727     17
728     -5
729     0
730     -14
731     10
732     -13
733     4
734     3
735     5
736     -7
737     -8
738     29
739     3
740     16
741     5
742     -2
743     -16
744     7
745     28
746     -10
747     9
748     22
749     4
750     -7
751     1
752     1
753     4
754     21
755     16
756     7
757     -6
758     8
759     -7
760     -3
761     24
762     -3
763     3
764     -3
765     5
766     9
767     -7
768     -3
769     1
770     -6
771     -21
772     7
773     -1
774     3
775     8
776     -7
777     3
778     16
779     7
780     -8
781     -17
782     -5
783     27
784     -2
785     5
786     -6
787     -9
788     15
789     -5
790     3
791     -2
792     13
793     -4
794     -27
795     -14
796     -15
797     0
798     -6
799     -23
800     1
801     22
802     17
803     4
804     -9
805     3
806     -17
807     6
808     19
809     -13
810     -14
811     -21
812     8
813     15
814     3
815     5
816     13
817     4
818     -3
819     -11
820     -1
821     16
822     23
823     -10
824     -8
825     -2
826     -3
827     5
828     -7
829     -4
830     5
831     12
832     -14
833     11
834     3
835     -9
836     -7
837     5
838     14
839     -3
840     12
841     -7
842     3
843     12
844     15
845     1
846     -9
847     -12
848     -22
849     3
850     5
851     -4
852     6
853     28
854     -13
855     4
856     20
857     12
858     -6
859     -6
860     18
861     3
862     -9
863     16
864     -8
865     -3
866     5
867     12
868     0
869     -17
870     21
871     -2
872     13
873     -12
874     1
875     -1
876     5
877     2
878     -26
879     9
880     -4
881     9
882     8
883     4
884     -8
885     -19
886     -9
887     -5
888     17
889     -4
890     -23
891     -8
892     -4
893     2
894     9
895     2
896     7
897     -2
898     -13
899     8
900     -5
901     0
902     9
903     -12
904     -25
905     14
906     -5
907     -18
908     21
909     -3
910     -17
911     -25
912     5
913     4
914     17
915     -3
916     1
917     9
918     11
919     1
920     -10
921     7
922     -4
923     19
924     17
925     -10
926     -25
927     -13
928     -19
929     -18
930     -3
931     22
932     -1
933     -2
934     11
935     6
936     26
937     -13
938     0
939     -6
940     -20
941     4
942     -25
943     5
944     -4
945     1
946     18
947     7
948     3
949     -19
950     6
951     10
952     -13
953     -26
954     2
955     2
956     -15
957     -16
958     -1
959     8
960     9
961     -11
962     9
963     5
964     -31
965     13
966     15
967     -13
968     -18
969     -19
970     -6
971     17
972     12
973     -14
974     -8
975     -5
976     -13
977     18
978     -3
979     5
980     24
981     17
982     5
983     -22
984     -1
985     18
986     -1
987     -7
988     21
989     -10
990     -16
991     3
992     -1
993     21
994     -15
995     9
996     7
997     11
998     -2
999     -19
1000     -2
1001     -23
1002     16
1003     -11
1004     6
1005     2
1006     -6
1007     7
1008     10
1009     1
1010     -5
1011     16
1012     -17
1013     3
1014     -5
1015     8
1016     12
1017     -7
1018     -18
1019     2
1020     14
1021     1
1022     3
1023     -13
1024     1
1025     4
1026     -6
1027     -22
1028     2
1029     -4
1030     -1
1031     8
1032     -7
1033     18
1034     2
1035     -27
1036     6
1037     -5
1038     -22
1039     12
1040     -12
1041     11
1042     7
1043     -4
1044     3
1045     -18
1046     4
1047     10
1048     20
1049     8
1050     -12
1051     14
1052     5
1053     -6
1054     -3
1055     8
1056     2
1057     -12
1058     -3
1059     -2
1060     9
1061     -9
1062     -1
1063     10
1064     8
1065     17
1066     8
1067     6
1068     -15
1069     -3
1070     22
1071     3
1072     -22
1073     9
1074     8
1075     -2
1076     15
1077     9
1078     12
1079     14
1080     5
1081     -16
1082     11
1083     -9
1084     -8
1085     24
1086     6
1087     -4
1088     8
1089     -5
1090     1
1091     -4
1092     -12
1093     -7
1094     3
1095     3
1096     -18
1097     4
1098     8
1099     9
1100     -10
1101     0
1102     7
1103     12
1104     0
1105     -2
1106     11
1107     -3
1108     15
1109     18
1110     5
1111     -4
1112     -24
1113     11
1114     -7
1115     0
1116     -1
1117     1
1118     22
1119     11
1120     19
1121     -13
1122     10
1123     7
1124     4
1125     9
1126     8
1127     -9
1128     -26
1129     -12
1130     -12
1131     -11
1132     -12
1133     -16
1134     -6
1135     -12
1136     -14
1137     -14
1138     -14
1139     -2
1140     5
1141     9
1142     0
1143     1
1144     0
1145     -8
1146     -8
1147     -10
1148     6
1149     -16
1150     6
1151     23
1152     11
1153     11
1154     3
1155     19
1156     -6
1157     10
1158     1
1159     -14
1160     -12
1161     5
1162     17
1163     -21
1164     -9
1165     13
1166     0
1167     -5
1168     -8
1169     9
1170     1
1171     14
1172     7
1173     10
1174     1
1175     2
1176     1
1177     -18
1178     11
1179     -9
1180     -25
1181     -2
1182     3
1183     8
1184     -2
1185     -25
1186     -6
1187     -6
1188     -15
1189     -23
1190     13
1191     -7
1192     -14
1193     -7
1194     8
1195     8
1196     9
1197     9
1198     -25
1199     11
1200     15
1201     -5
1202     -5
1203     -1
1204     -10
1205     -21
1206     4
1207     21
1208     -1
1209     10
1210     -8
1211     -9
1212     16
1213     -15
1214     2
1215     16
1216     6
1217     9
1218     -18
1219     12
1220     5
1221     -8
1222     15
1223     19
1224     13
1225     -13
1226     -11
1227     -4
1228     16
1229     -2
1230     -21
1231     -20
1232     -6
1233     -11
1234     5
1235     16
1236     -19
1237     10
1238     24
1239     5
1240     7
1241     8
1242     -11
1243     5
1244     20
1245     15
1246     -12
1247     -2
1248     -12
1249     -5
1250     17
1251     -12
1252     -2
1253     2
1254     0
1255     -4
1256     16
1257     -2
1258     3
1259     10
1260     -19
1261     0
1262     1
1263     -7
1264     -17
1265     -20
1266     0
1267     0
1268     -19
1269     -13
1270     -10
1271     1
1272     -1
1273     -1
1274     -5
1275     -14
1276     10
1277     -15
1278     10
1279     -6
1280     -4
1281     19
1282     16
1283     11
1284     9
1285     8
1286     -25
1287     8
1288     -10
1289     -7
1290     5
1291     11
1292     16
1293     -13
1294     -17
1295     -21
1296     5
1297     22
1298     2
1299     -10
1300     -25
1301     13
1302     -7
1303     -16
1304     -15
1305     5
1306     7
1307     -24
1308     16
1309     -11
1310     2
1311     6
1312     15
1313     9
1314     -17
1315     6
1316     -10
1317     10
1318     5
1319     -15
1320     1
1321     6
1322     20
1323     4
1324     5
1325     -14
1326     -16
1327     -4
1328     -14
1329     6
1330     3
1331     -3
1332     15
1333     5
1334     -15
1335     -14
1336     -9
1337     7
1338     -2
1339     12
1340     7
1341     -15
1342     -19
1343     -7
1344     -5
1345     -2
1346     18
1347     18
1348     17
1349     -3
1350     15
1351     -6
1352     -5
1353     -4
1354     -8
1355     12
1356     -15
1357     8
1358     -8
1359     6
1360     23
1361     -12
1362     16
1363     -8
1364     8
1365     -1
1366     -1
1367     -5
1368     -4
1369     20
1370     -23
1371     -3
1372     -13
1373     -1
1374     -4
1375     -18
1376     12
1377     -6
1378     -3
1379     15
1380     0
1381     -18
1382     13
1383     -4
1384     -22
1385     0
1386     -7
1387     -7
1388     16
1389     3
1390     -11
1391     1
1392     -13
1393     -15
1394     -19
1395     4
1396     0
1397     -8
1398     14
1399     6
1400     -9
1401     -19
1402     -1
1403     -6
1404     10
1405     -2
1406     -8
1407     19
1408     -11
1409     -6
1410     5
1411     -3
1412     12
1413     15
1414     -14
1415     4
1416     -18
1417     7
1418     6
1419     9
1420     3
1421     -21
1422     8
1423     6
1424     -12
1425     5
1426     2
1427     -30
1428     17
1429     -12
1430     4
1431     18
1432     12
1433     11
1434     11
1435     12
1436     8
1437     17
1438     -4
1439     -6
1440     -5
1441     5
1442     -16
1443     -10
1444     1
1445     0
1446     -13
1447     -14
1448     -9
1449     -13
1450     7
1451     -12
1452     -2
1453     16
1454     0
1455     -20
1456     3
1457     19
1458     10
1459     13
1460     -13
1461     4
1462     -4
1463     1
1464     10
1465     -14
1466     5
1467     3
1468     -9
1469     7
1470     -2
1471     5
1472     11
1473     -7
1474     -3
1475     -10
1476     -12
1477     -13
1478     -1
1479     22
1480     -11
1481     -8
1482     -8
1483     -17
1484     2
1485     2
1486     -2
1487     6
1488     3
1489     -24
1490     12
1491     1
1492     -22
1493     18
1494     -11
1495     12
1496     -4
1497     -14
1498     22
1499     7
1500     23
1501     3
1502     10
1503     16
1504     19
1505     -6
1506     -15
1507     14
1508     1
1509     -12
1510     0
1511     19
1512     16
1513     -4
1514     6
1515     9
1516     -4
1517     2
1518     -12
1519     -22
1520     3
1521     3
1522     -11
1523     -22
1524     6
1525     9
1526     -18
1527     9
1528     -18
1529     3
1530     6
1531     -25
1532     11
1533     12
1534     -11
1535     -9
1536     -11
1537     12
1538     -13
1539     -5
1540     21
1541     -14
1542     8
1543     24
1544     14
1545     -2
1546     -27
1547     6
1548     7
1549     -11
1550     -2
1551     -19
1552     -3
1553     -16
1554     6
1555     -5
1556     -4
1557     -11
1558     1
1559     14
1560     12
1561     -3
1562     -12
1563     20
1564     -1
1565     14
1566     7
1567     -14
1568     7
1569     19
1570     -18
1571     1
1572     9
1573     -13
1574     10
1575     26
1576     8
1577     1
1578     10
1579     -4
1580     -4
1581     -18
1582     -6
1583     -11
1584     -10
1585     7
1586     -11
1587     6
1588     16
1589     19
1590     15
1591     17
1592     23
1593     5
1594     10
1595     23
1596     -6
1597     -16
1598     5
1599     -14
1600     4
1601     1
1602     -13
1603     -5
1604     -4
1605     10
1606     10
1607     -1
1608     -23
1609     -8
1610     11
1611     -13
1612     4
1613     -1
1614     -12
1615     -3
1616     -19
1617     -7
1618     -6
1619     3
1620     11
1621     -6
1622     -3
1623     20
1624     -9
1625     0
1626     15
1627     -1
1628     -18
1629     -4
1630     2
1631     -16
1632     7
1633     -13
1634     -13
1635     -9
1636     -28
1637     15
1638     -4
1639     4
1640     24
1641     -8
1642     8
1643     3
1644     -12
1645     -12
1646     -26
1647     7
1648     4
1649     -21
1650     3
1651     -21
1652     6
1653     7
1654     6
1655     29
1656     -9
1657     6
1658     -1
1659     -10
1660     10
1661     -4
1662     -26
1663     6
1664     -6
1665     -25
1666     -8
1667     -13
1668     0
1669     -13
1670     3
1671     23
1672     5
1673     -20
1674     6
1675     -3
1676     -12
1677     3
1678     -22
1679     17
1680     -6
1681     -3
1682     -1
1683     7
1684     18
1685     0
1686     -4
1687     -14
1688     -17
1689     -1
1690     -8
1691     -24
1692     -11
1693     -6
1694     -14
1695     -14
1696     16
1697     -9
1698     -12
1699     18
1700     11
1701     10
1702     15
1703     12
1704     0
1705     -11
1706     -2
1707     -8
1708     -11
1709     10
1710     15
1711     0
1712     -17
1713     2
1714     15
1715     13
1716     13
1717     -2
1718     -9
1719     10
1720     14
1721     -4
1722     -18
1723     10
1724     19
1725     15
1726     -8
1727     -8
1728     15
1729     19
1730     16
1731     15
1732     10
1733     -22
1734     6
1735     9
1736     -13
1737     -6
1738     7
1739     12
1740     10
1741     -3
1742     15
1743     3
1744     -1
1745     21
1746     21
1747     -7
1748     -6
1749     -9
1750     -17
1751     -4
1752     -2
1753     -4
1754     -25
1755     11
1756     7
1757     14
1758     -9
1759     -6
1760     25
1761     -9
1762     -10
1763     -8
1764     -17
1765     4
1766     0
1767     -9
1768     -14
1769     0
1770     4
1771     0
1772     2
1773     -6
1774     6
1775     1
1776     -6
1777     -22
1778     -2
1779     15
1780     7
1781     -10
1782     -12
1783     12
1784     22
1785     -2
1786     -2
1787     2
1788     1
1789     5
1790     -14
1791     -3
1792     -16
1793     5
1794     13
1795     -20
1796     -19
1797     -3
1798     16
1799     -6
1800     -5
1801     15
1802     2
1803     -4
1804     -10
1805     6
1806     22
1807     16
1808     19
1809     15
1810     14
1811     -17
1812     -11
1813     8
1814     21
1815     -5
1816     -23
1817     7
1818     -7
1819     -22
1820     -13
1821     12
1822     15
1823     2
1824     -13
1825     -11
1826     -21
1827     6
1828     -1
1829     11
1830     0
1831     1
1832     11
1833     -21
1834     9
1835     1
1836     4
1837     12
1838     -7
1839     12
1840     12
1841     12
1842     8
1843     -1
1844     -7
1845     -14
1846     16
1847     13
1848     13
1849     8
1850     11
1851     0
1852     0
1853     5
1854     6
1855     -5
1856     -21
1857     9
1858     14
1859     22
1860     -8
1861     -17
1862     2
1863     -19
1864     -11
1865     -5
1866     -23
1867     -8
1868     5
1869     18
1870     -8
1871     -9
1872     16
1873     -16
1874     13
1875     1
1876     2
1877     4
1878     -10
1879     -18
1880     4
1881     26
1882     17
1883     3
1884     -16
1885     13
1886     14
1887     12
1888     12
1889     -2
1890     17
1891     11
1892     10
1893     -3
1894     -16
1895     17
1896     -9
1897     10
1898     -2
1899     3
1900     0
1901     -3
1902     29
1903     0
1904     -10
1905     -23
1906     -7
1907     -13
1908     -10
1909     3
1910     -18
1911     -8
1912     6
1913     -6
1914     -17
1915     7
1916     26
1917     -15
1918     6
1919     19
1920     7
1921     14
1922     -1
1923     17
1924     16
1925     19
1926     8
1927     -24
1928     12
1929     -1
1930     -1
1931     14
1932     -14
1933     -7
1934     -11
1935     3
1936     2
1937     -7
1938     1
1939     3
1940     -14
1941     -15
1942     -12
1943     -20
1944     18
1945     -7
1946     1
1947     30
1948     3
1949     20
1950     1
1951     -19
1952     6
1953     1
1954     -4
1955     -3
1956     -23
1957     5
1958     26
1959     6
1960     20
1961     -7
1962     -19
1963     -13
1964     -27
1965     5
1966     -3
1967     -7
1968     -11
1969     -19
1970     7
1971     7
1972     8
1973     13
1974     -4
1975     -4
1976     4
1977     18
1978     -8
1979     -13
1980     -12
1981     -25
1982     -10
1983     -8
1984     -12
1985     -10
1986     8
1987     0
1988     -9
1989     7
1990     10
1991     -1
1992     8
1993     -10
1994     -11
1995     5
1996     6
1997     7
1998     18
1999     14
2000     6
2001     11
2002     2
2003     13
2004     4
2005     1
2006     17
2007     -16
2008     -12
2009     -16
2010     6
2011     12
2012     -23
2013     3
2014     -6
2015     -16
2016     -13
2017     -23
2018     5
2019     11
2020     12
2021     18
2022     -1
2023     11
2024     3
2025     -7
2026     11
2027     -7
2028     -11
2029     0
2030     -3
2031     -9
2032     14
2033     -3
2034     -7
2035     -2
2036     -25
2037     -10
2038     -21
2039     -2
2040     8
2041     8
2042     20
2043     7
2044     -14
2045     -1
2046     19
2047     -16
2048     0
2049     7
2050     -14
2051     2
2052     4
2053     -9
2054     10
2055     6
2056     2
2057     23
2058     -3
2059     9
2060     1
2061     -16
2062     -7
2063     -5
2064     -8
2065     -16
2066     5
2067     6
2068     16
2069     -10
2070     3
2071     21
2072     4
2073     -12
2074     -6
2075     15
2076     2
2077     4
2078     16
2079     2
2080     10
2081     -7
2082     2
2083     24
2084     6
2085     22
2086     -10
2087     -19
2088     -16
2089     -18
2090     13
2091     -12
2092     8
2093     0
2094     -22
2095     5
2096     -6
2097     -11
2098     -28
2099     4
2100     12
2101     4
2102     11
2103     22
2104     -2
2105     -15
2106     16
2107     -11
2108     2
2109     14
2110     1
2111     6
2112     9
2113     -4
2114     -23
2115     -2
2116     -15
2117     7
2118     -3
2119     -26
2120     -1
2121     16
2122     18
2123     -4
2124     -9
2125     -1
2126     20
2127     -15
2128     0
2129     24
2130     6
2131     -9
2132     5
2133     26
2134     -15
2135     2
2136     4
2137     2
2138     -7
2139     2
2140     28
2141     -8
2142     -12
2143     1
2144     -6
2145     8
2146     22
2147     -4
2148     -18
2149     1
2150     -13
2151     9
2152     2
2153     -5
2154     19
2155     -17
2156     -14
2157     13
2158     16
2159     10
2160     -3
2161     -18
2162     2
2163     20
2164     -8
2165     -7
2166     0
2167     11
2168     9
2169     -19
2170     -8
2171     9
2172     -18
2173     7
2174     11
2175     -10
2176     4
2177     6
2178     -5
2179     -10
2180     22
2181     -5
2182     -19
2183     -11
2184     -5
2185     18
2186     -3
2187     -14
2188     15
2189     -8
2190     8
2191     18
2192     -18
2193     -12
2194     -17
2195     9
2196     -13
2197     3
2198     11
2199     -3
2200     -14
2201     7
2202     17
2203     9
2204     24
2205     -2
