1     19
2     14
3     8
4     -4
5     13
6     -9
7     10
8     12
9     -3
10     -4
11     -12
12     -11
13     11
14     -8
15     -6
16     2
17     -19
18     -6
19     -15
20     -2
21     2
22     12
23     1
24     0
25     -7
26     -25
27     -12
28     5
29     -6
30     10
31     17
32     -3
33     10
34     -6
35     -17
36     7
37     11
38     -22
39     9
40     9
41     -18
42     -8
43     3
44     12
45     9
46     6
47     -14
48     10
49     16
50     -1
51     -6
52     5
53     3
54     -3
55     17
56     14
57     12
58     13
59     -7
60     -13
61     -12
62     12
63     9
64     8
65     -3
66     -5
67     20
68     -8
69     14
70     9
71     -2
72     12
73     -10
74     1
75     -2
76     7
77     1
78     -10
79     -2
80     22
81     7
82     -10
83     -26
84     1
85     8
86     0
87     12
88     0
89     3
90     -21
91     2
92     15
93     -5
94     -3
95     8
96     13
97     0
98     -17
99     -12
100     -18
101     -16
102     5
103     9
104     -20
105     -8
106     7
107     19
108     10
109     0
110     12
111     11
112     4
113     3
114     -16
115     -4
116     1
117     4
118     9
119     -19
120     -10
121     -8
122     -8
123     4
124     17
125     -12
126     2
127     18
128     6
129     -5
130     -11
131     -8
132     -11
133     19
134     11
135     -6
136     -2
137     -22
138     -6
139     -3
140     -6
141     -12
142     -3
143     7
144     -16
145     11
146     -5
147     18
148     6
149     -1
150     16
151     -10
152     10
153     19
154     5
155     8
156     -8
157     -8
158     11
159     -19
160     -1
161     19
162     9
163     2
164     8
165     15
166     14
167     -2
168     -14
169     -4
170     -9
171     -23
172     -12
173     -2
174     -13
175     -14
176     -15
177     20
178     9
179     1
180     -11
181     -4
182     13
183     -2
184     11
185     -25
186     7
187     13
188     -13
189     -20
190     -4
191     0
192     -21
193     -4
194     -10
195     8
196     13
197     18
198     -9
199     -5
200     7
201     4
202     19
203     14
204     -3
205     -16
206     0
207     -1
208     -21
209     -5
210     10
211     7
212     -6
213     -14
214     2
215     -16
216     3
217     22
218     -5
219     3
220     -5
221     -8
222     10
223     -1
224     0
225     -13
226     -1
227     -13
228     -1
229     -7
230     -16
231     -14
232     -3
233     2
234     14
235     4
236     -6
237     6
238     1
239     15
240     4
241     16
242     0
243     22
244     16
245     21
246     12
247     4
248     5
249     16
250     12
251     1
252     7
253     -22
254     -3
255     26
256     22
257     6
258     -16
259     -17
260     -14
261     3
262     -5
263     8
264     23
265     13
266     12
267     -11
268     -11
269     -4
270     14
271     14
272     3
273     -18
274     -16
275     2
276     -8
277     -14
278     -7
279     10
280     8
281     7
282     -15
283     -10
284     9
285     10
286     5
287     -8
288     -7
289     12
290     -1
291     12
292     11
293     7
294     24
295     -7
296     -11
297     1
298     -4
299     3
300     9
301     16
302     11
303     13
304     1
305     -3
306     13
307     -14
308     -10
309     3
310     -17
311     -4
312     -6
313     -1
314     17
315     -9
316     -12
317     0
318     4
319     -7
320     15
321     2
322     4
323     7
324     -6
325     -8
326     -20
327     -6
328     -9
329     12
330     3
331     -7
332     11
333     13
334     12
335     -1
336     2
337     -16
338     -7
339     3
340     -7
341     -6
342     -2
343     10
344     0
345     11
346     -13
347     12
348     3
349     14
350     11
351     -21
352     -17
353     -16
354     14
355     15
356     9
357     20
358     5
359     -13
360     10
361     -16
362     -9
363     -11
364     0
365     20
366     -13
367     -10
368     13
369     6
370     -2
371     -10
372     -10
373     8
374     -8
375     -2
376     -13
377     -6
378     21
379     17
380     16
381     -11
382     -1
383     3
384     -22
385     12
386     5
387     2
388     16
389     -19
390     6
391     -14
392     -20
393     -9
394     -5
395     10
396     -14
397     0
398     -9
399     14
400     2
401     7
402     14
403     -12
404     -7
405     -16
406     9
407     -9
408     -5
409     12
410     15
411     6
412     9
413     -8
414     -13
415     6
416     13
417     -1
418     8
419     -4
420     14
421     9
422     9
423     19
424     -2
425     9
426     -16
427     13
428     18
429     12
430     0
431     4
432     -11
433     -12
434     14
435     3
436     18
437     18
438     -13
439     -8
440     21
441     -11
442     -12
443     10
444     1
445     5
446     -5
447     4
448     1
449     2
450     -15
451     4
452     17
453     4
454     7
455     -23
456     -16
457     0
458     -6
459     3
460     6
461     4
462     -15
463     -21
464     -13
465     -6
466     -18
467     -12
468     -12
469     -17
470     15
471     6
472     5
473     7
474     18
475     9
476     11
477     22
478     17
479     -3
480     -4
481     -13
482     -19
483     6
484     -12
485     13
486     8
487     -15
488     3
489     -6
490     -24
491     -20
492     -7
493     -11
494     -5
495     -14
496     -19
497     5
498     6
499     -10
500     13
501     -13
502     -1
503     7
504     8
505     9
506     -9
507     10
508     3
509     -3
510     5
511     7
512     -1
513     -12
514     9
515     11
516     -6
517     11
518     5
519     15
520     4
521     -5
522     -13
523     -17
524     12
525     1
526     -8
527     -15
528     -19
529     -14
530     7
531     7
532     -16
533     -1
534     -16
535     -14
536     19
537     -9
538     -25
539     -10
540     15
541     17
542     7
543     4
544     -1
545     -19
546     15
547     22
548     -5
549     -16
550     5
551     4
552     -18
553     6
554     -7
555     8
556     -12
557     -5
558     15
559     -9
560     12
561     10
562     -15
563     -8
564     -15
565     0
566     -9
567     3
568     20
569     -16
570     -1
571     3
572     5
573     -6
574     11
575     14
576     -14
577     -7
578     19
579     6
580     1
581     -12
582     -23
583     10
584     2
585     15
586     -6
587     1
588     18
589     -18
590     -9
591     7
592     8
593     22
594     -18
595     -15
596     18
597     -16
598     13
599     1
600     -12
601     -13
602     -8
603     3
604     -1
605     21
606     0
607     -1
608     -13
609     -16
610     -17
611     -14
612     -5
613     -14
614     9
615     2
616     -20
617     -15
618     -19
619     -9
620     9
621     12
622     -3
623     -6
624     9
625     -14
626     1
627     -5
628     6
629     -5
630     -15
631     -8
632     3
633     12
634     -14
635     13
636     0
637     1
638     2
639     7
640     15
641     -7
642     -16
643     1
644     10
645     -21
646     -20
647     -2
648     -12
649     3
650     6
651     15
652     11
653     -8
654     -16
655     -25
656     -16
657     5
658     -3
659     7
660     16
661     10
662     -11
663     14
664     26
665     -1
666     16
667     -17
668     -15
669     13
670     -5
671     -13
672     -14
673     14
674     14
675     9
676     6
677     10
678     4
679     -7
680     -9
681     -22
682     0
683     -16
684     -2
685     11
686     17
687     21
688     7
689     6
690     -15
691     -19
692     -10
693     -10
694     -11
695     10
696     4
697     3
698     13
699     -1
700     -11
701     12
702     24
703     15
704     -15
705     12
706     10
707     4
708     -7
709     -16
710     18
711     -20
712     13
713     24
714     7
715     9
716     -13
717     -14
718     -9
719     -20
720     -12
721     8
722     16
723     19
724     7
725     -20
726     -5
727     5
728     9
729     -6
730     -15
731     19
732     -9
733     14
734     -4
735     9
736     8
737     -16
738     18
739     16
740     -9
741     -24
742     13
743     6
744     -12
745     -8
746     12
747     17
748     13
749     0
750     9
751     11
752     14
753     16
754     -2
755     10
756     19
757     -8
758     -15
759     -2
760     -11
761     -8
762     0
763     0
764     7
765     18
766     6
767     4
768     -11
769     9
770     7
771     -17
772     -17
773     -15
774     11
775     -17
776     -4
777     12
778     -13
779     -18
780     -12
781     13
782     -13
783     -18
784     -12
785     0
786     11
787     6
788     0
789     16
790     -6
791     14
792     4
793     -20
794     21
795     -18
796     2
797     9
798     -19
799     -16
800     -19
801     -4
802     8
803     15
804     4
805     -2
806     -14
807     8
808     8
809     -11
810     7
811     -3
812     17
813     8
814     -4
815     18
816     6
817     -9
818     2
819     -16
820     -12
821     9
822     11
823     -14
824     7
825     20
826     -17
827     6
828     8
829     -9
830     -18
831     7
832     -7
833     7
834     3
835     -21
836     1
837     -3
838     -7
839     -3
840     1
841     4
842     6
843     18
844     5
845     -14
846     1
847     -12
848     -2
849     -13
850     5
851     -11
852     -7
853     10
854     -15
855     1
856     -16
857     -16
858     -19
859     -18
860     -16
861     -11
862     -16
863     -14
864     9
865     8
866     22
867     -17
868     -11
869     10
870     3
871     -13
872     -19
873     7
874     1
875     8
876     7
877     1
878     -13
879     -1
880     -1
881     12
882     4
883     -23
884     5
885     20
886     -9
887     -3
888     22
889     -15
890     9
891     21
892     -13
893     7
894     -4
895     17
896     10
897     -20
898     -14
899     10
900     20
901     17
902     5
903     -4
904     10
905     -3
906     9
907     7
908     2
909     -13
910     15
911     18
912     3
913     -6
914     -5
915     15
916     -8
917     7
918     -3
919     -7
920     -12
921     17
922     -6
923     -12
924     4
925     -1
926     20
927     -1
928     18
929     21
930     -3
931     -6
932     14
933     -10
934     -2
935     13
936     4
937     -2
938     -14
939     -17
940     -9
941     -3
942     -16
943     1
944     -2
945     9
946     8
947     -16
948     -14
949     0
950     2
951     -2
952     -6
953     11
954     20
955     -5
956     -16
957     -10
958     -6
959     3
960     8
961     11
962     -9
963     -12
964     2
965     3
966     8
967     4
968     18
969     2
970     -7
971     8
972     -8
973     -3
974     2
975     -18
976     -6
977     3
978     0
979     5
980     -16
981     -14
982     1
983     -15
984     3
985     -6
986     15
987     3
988     -18
989     7
990     5
991     4
992     8
993     21
994     -15
995     -13
996     19
997     -9
998     -14
999     18
1000     -13
1001     -10
1002     16
1003     5
1004     14
1005     14
1006     -11
1007     8
1008     5
1009     -10
1010     9
1011     -17
1012     4
1013     -10
1014     -22
1015     -3
1016     -2
1017     -4
1018     -19
1019     -10
1020     4
1021     9
1022     20
1023     12
1024     -13
1025     14
1026     10
1027     4
1028     -2
1029     16
1030     -10
1031     -13
1032     8
1033     -17
1034     17
1035     -13
1036     -14
1037     17
1038     18
1039     15
1040     -2
1041     0
1042     -18
1043     -17
1044     -10
1045     1
1046     -20
1047     -15
1048     9
1049     0
1050     15
1051     9
1052     1
1053     -13
1054     4
1055     -10
1056     -21
1057     -8
1058     12
1059     23
1060     13
1061     -12
1062     7
1063     2
1064     -12
1065     1
1066     -18
1067     8
1068     1
1069     2
1070     -18
1071     -17
1072     14
1073     5
1074     18
1075     16
1076     13
1077     -12
1078     1
1079     1
1080     -12
1081     13
1082     -17
1083     -21
1084     6
1085     18
1086     13
1087     15
1088     11
1089     10
1090     0
1091     -7
1092     -7
1093     -16
1094     -12
1095     13
1096     19
1097     -5
1098     6
1099     7
1100     8
1101     -10
1102     -11
1103     0
1104     -20
1105     17
1106     -11
1107     -15
1108     10
1109     5
1110     3
1111     -13
1112     -5
1113     2
1114     -4
1115     11
1116     -8
1117     -19
1118     7
1119     3
1120     12
1121     -10
1122     5
1123     11
1124     -15
1125     9
1126     17
1127     -5
1128     -9
1129     5
1130     10
1131     11
1132     15
1133     -16
1134     1
1135     25
1136     -17
1137     11
1138     22
1139     -9
1140     -10
1141     -3
1142     14
1143     24
1144     9
1145     -10
1146     -6
1147     0
1148     15
1149     25
1150     11
1151     -5
1152     4
1153     1
1154     -21
1155     -12
1156     15
1157     -12
1158     -4
1159     7
1160     -3
1161     -12
1162     5
1163     20
1164     13
1165     0
1166     -24
1167     -12
1168     -20
1169     -7
1170     7
1171     -16
1172     -5
1173     6
1174     8
1175     -14
1176     12
1177     25
1178     8
1179     -10
1180     -8
1181     11
1182     4
1183     -9
1184     -16
1185     -20
1186     -9
1187     1
1188     -13
1189     -14
1190     -1
1191     8
1192     -7
1193     -11
1194     -7
1195     5
1196     0
1197     17
1198     3
1199     -17
1200     5
1201     -2
1202     -6
1203     -6
1204     -18
1205     7
1206     20
1207     4
1208     19
1209     3
1210     -15
1211     12
1212     16
1213     18
1214     3
1215     -9
1216     12
1217     -10
1218     -16
1219     4
1220     4
1221     13
1222     9
1223     8
1224     -12
1225     0
1226     19
1227     3
1228     -13
1229     -16
1230     16
1231     -9
1232     -14
1233     5
1234     -13
1235     -2
1236     12
1237     16
1238     -6
1239     -16
1240     12
1241     12
1242     17
1243     12
1244     -9
1245     -7
1246     -5
1247     -1
1248     7
1249     -4
1250     -9
1251     -15
1252     8
1253     23
1254     16
1255     -3
1256     6
1257     5
1258     -4
1259     -16
1260     -1
1261     -4
1262     7
1263     14
1264     0
1265     14
1266     19
1267     14
1268     4
1269     12
1270     9
1271     -11
1272     -14
1273     -16
1274     -19
1275     -6
1276     -8
1277     17
1278     -14
1279     12
1280     12
1281     -7
1282     15
1283     10
1284     -1
1285     -11
1286     6
1287     9
1288     -7
1289     2
1290     -10
1291     -7
1292     13
1293     -15
1294     12
1295     1
1296     13
1297     18
1298     8
1299     -6
1300     -7
1301     16
1302     -8
1303     -9
1304     8
1305     19
1306     7
1307     17
1308     23
1309     -5
1310     -10
1311     18
1312     5
1313     -11
1314     20
1315     4
1316     9
1317     10
1318     -16
1319     -3
1320     -14
1321     -23
1322     8
1323     10
1324     -18
1325     -4
1326     -10
1327     -19
1328     -3
1329     15
1330     -2
1331     -9
1332     17
1333     7
1334     19
1335     20
1336     1
1337     12
1338     15
1339     14
1340     -8
1341     -10
1342     -10
1343     7
1344     16
1345     0
1346     5
1347     -8
1348     8
1349     14
1350     -16
1351     -2
1352     12
1353     -4
1354     13
1355     11
1356     -12
1357     9
1358     -2
1359     10
1360     6
1361     12
1362     -13
1363     -26
1364     -3
1365     6
1366     0
1367     14
1368     22
1369     -20
1370     -7
1371     2
1372     9
1373     -7
1374     -15
1375     -4
1376     0
1377     17
1378     8
1379     -2
1380     8
1381     10
1382     -13
1383     -7
1384     -2
1385     4
1386     -8
1387     -19
1388     6
1389     3
1390     -16
1391     -1
1392     4
1393     1
1394     2
1395     -5
1396     12
1397     -8
1398     -7
1399     -5
1400     -1
1401     17
1402     9
1403     -17
1404     -13
1405     8
1406     6
1407     -12
1408     -12
1409     -11
1410     -8
1411     -18
1412     -3
1413     -5
1414     -17
1415     -6
1416     -8
1417     -14
1418     12
1419     20
1420     -19
1421     3
1422     -11
1423     -6
1424     -5
1425     -18
1426     -5
1427     -1
1428     3
1429     -20
1430     -16
1431     15
1432     10
1433     -19
1434     -14
1435     16
1436     21
1437     9
1438     -2
1439     -11
1440     -16
1441     0
1442     1
1443     -16
1444     -4
1445     -19
1446     -7
1447     13
1448     -19
1449     -16
1450     -14
1451     8
1452     14
1453     -5
1454     19
1455     9
1456     14
1457     19
1458     -21
1459     10
1460     13
1461     -16
1462     17
1463     5
1464     -20
1465     -16
1466     -6
1467     9
1468     -13
1469     -11
1470     6
1471     -8
1472     15
1473     -3
1474     -12
1475     0
1476     -14
1477     0
1478     11
1479     5
1480     -8
1481     -19
1482     -3
1483     11
1484     -5
1485     12
1486     15
1487     5
1488     -15
1489     -24
1490     10
1491     9
1492     -3
1493     -12
1494     15
1495     4
1496     -17
1497     -8
1498     -12
1499     18
1500     5
1501     -20
1502     -17
1503     -22
1504     -6
1505     10
1506     -9
1507     -7
1508     0
1509     11
1510     -11
1511     -7
1512     20
1513     4
1514     -10
1515     -18
1516     13
1517     5
1518     -12
1519     13
1520     7
1521     2
1522     -6
1523     -16
1524     -17
1525     -18
1526     -13
1527     -12
1528     -13
1529     10
1530     17
1531     11
1532     -5
1533     -13
1534     -1
1535     13
1536     9
1537     14
1538     16
1539     -13
1540     1
1541     -17
1542     -9
1543     19
1544     -6
1545     3
1546     9
1547     -22
1548     -6
1549     -8
1550     -12
1551     17
1552     -13
1553     -9
1554     -9
1555     -19
1556     -14
1557     11
1558     8
1559     -3
1560     -4
1561     -16
1562     2
1563     -10
1564     -18
1565     15
1566     15
1567     1
1568     -2
1569     -8
1570     19
1571     20
1572     -2
1573     -11
1574     8
1575     -6
1576     2
1577     19
1578     15
1579     4
1580     -13
1581     -12
1582     -6
1583     11
1584     -1
1585     16
1586     5
1587     -20
1588     3
1589     2
1590     -19
1591     -1
1592     22
1593     -11
1594     -24
1595     21
1596     -16
1597     -15
1598     4
1599     -10
1600     12
1601     -7
1602     16
1603     -11
1604     10
1605     18
1606     1
1607     7
1608     -18
1609     0
1610     -9
1611     17
1612     17
1613     -17
1614     15
1615     8
1616     10
1617     16
1618     -6
1619     -10
1620     -14
1621     14
1622     5
1623     -14
1624     -7
1625     15
1626     18
1627     -17
1628     -2
1629     11
1630     -16
1631     -10
1632     -18
1633     8
1634     -4
1635     -20
1636     1
1637     -2
1638     -2
1639     -13
1640     4
1641     5
1642     -10
1643     -13
1644     8
1645     11
1646     -6
1647     -3
1648     8
1649     4
1650     -23
1651     -16
1652     11
1653     -9
1654     14
1655     3
1656     10
1657     -14
1658     -5
1659     4
1660     -18
1661     -14
1662     8
1663     5
1664     -11
1665     -5
1666     -19
1667     2
1668     6
1669     14
1670     -12
1671     9
1672     19
1673     -2
1674     5
1675     -1
1676     1
1677     -7
1678     12
1679     9
1680     -12
1681     17
1682     12
1683     6
1684     -10
1685     -4
1686     19
1687     0
1688     -9
1689     -12
1690     14
1691     16
1692     -12
1693     -6
1694     3
1695     -11
1696     -5
1697     12
1698     1
1699     16
1700     13
1701     -9
1702     14
1703     14
1704     -16
1705     0
1706     10
1707     -5
1708     7
1709     12
1710     19
1711     -14
1712     0
1713     11
1714     13
1715     7
1716     5
1717     9
1718     -5
1719     19
1720     -2
1721     13
1722     5
1723     -10
1724     -2
1725     -9
1726     -4
1727     6
1728     -3
1729     -8
1730     12
1731     6
1732     2
1733     -17
1734     -21
1735     18
1736     1
1737     -8
1738     -14
1739     -14
1740     -2
1741     3
1742     0
1743     -7
1744     14
1745     -9
1746     -9
1747     -8
1748     -3
1749     -10
1750     4
1751     6
1752     9
1753     -5
1754     -15
1755     -16
1756     -2
1757     3
1758     -15
1759     6
1760     -10
1761     -9
1762     16
1763     10
1764     14
1765     15
1766     12
1767     2
1768     -10
1769     15
1770     -11
1771     -24
1772     0
1773     15
1774     -6
1775     11
1776     10
1777     -4
1778     -5
1779     -11
1780     5
1781     1
1782     14
1783     13
1784     -8
1785     9
1786     23
1787     -1
1788     -15
1789     -2
1790     2
1791     15
1792     -12
1793     10
1794     9
1795     -7
1796     10
1797     -3
1798     7
1799     -4
1800     -1
1801     9
1802     -5
1803     -13
1804     -3
1805     0
1806     4
1807     -1
1808     1
1809     -3
1810     0
1811     17
1812     -5
1813     4
1814     0
1815     -13
1816     3
1817     -4
1818     12
1819     4
1820     -9
1821     -10
1822     7
1823     -7
1824     -5
1825     17
1826     8
1827     -1
1828     -7
1829     7
1830     6
1831     -6
1832     -1
1833     -4
1834     -13
1835     -20
1836     -6
1837     10
1838     -2
1839     -15
1840     2
1841     -3
1842     -2
1843     21
1844     -9
1845     14
1846     11
1847     -17
1848     12
1849     2
1850     -1
1851     7
1852     16
1853     -5
1854     1
1855     8
1856     -6
1857     -8
1858     -8
1859     -17
1860     -21
1861     11
1862     11
1863     13
1864     5
1865     14
1866     11
1867     -1
1868     -3
1869     5
1870     12
1871     -7
1872     -1
1873     8
1874     1
1875     -3
1876     -3
1877     -19
1878     11
1879     16
1880     13
1881     23
1882     -17
1883     -20
1884     12
1885     15
1886     -4
1887     6
1888     11
1889     -20
1890     4
1891     18
1892     14
1893     15
1894     20
1895     -5
1896     -10
1897     17
1898     -14
1899     5
1900     18
1901     13
1902     -2
1903     1
1904     -5
1905     -22
1906     -9
1907     1
1908     -8
1909     -2
1910     -11
1911     -21
1912     -12
1913     1
1914     -14
1915     -2
1916     25
1917     3
1918     -4
1919     3
1920     -10
1921     1
1922     17
1923     13
1924     -17
1925     -4
1926     20
1927     2
1928     11
1929     7
1930     11
1931     19
1932     -10
1933     -12
1934     0
1935     7
1936     11
1937     -10
1938     9
1939     -6
1940     -10
1941     -8
1942     -22
1943     -1
1944     13
1945     -2
1946     -6
1947     -3
1948     1
1949     17
1950     -4
1951     -10
1952     14
1953     21
1954     14
1955     -16
1956     -9
1957     3
1958     -17
1959     -4
1960     -13
1961     18
1962     19
1963     1
1964     -18
1965     -13
1966     13
1967     -18
1968     9
1969     20
1970     11
1971     23
1972     5
1973     -17
1974     7
1975     3
1976     14
1977     20
1978     -14
1979     -14
1980     3
1981     -12
1982     2
1983     8
1984     -6
1985     13
1986     -11
1987     -11
1988     11
1989     18
1990     9
1991     -13
1992     -12
1993     4
1994     -10
1995     -11
1996     17
1997     -13
1998     14
1999     10
2000     -20
2001     -5
2002     -3
2003     4
2004     2
2005     -16
2006     -18
2007     10
2008     -11
2009     3
2010     -8
2011     -25
2012     -1
2013     -12
2014     -15
2015     -8
2016     -12
2017     -9
2018     1
2019     7
2020     7
2021     8
2022     3
2023     -10
2024     9
2025     -18
2026     -14
2027     7
2028     -1
2029     8
2030     3
2031     -12
2032     -15
2033     -8
2034     -7
2035     16
2036     12
2037     18
2038     -10
2039     12
2040     12
2041     -12
2042     -4
2043     -13
2044     12
2045     -5
2046     22
2047     18
2048     -18
2049     9
2050     -6
2051     -4
2052     -6
2053     -4
2054     13
2055     17
2056     1
2057     6
2058     -14
2059     -16
2060     21
2061     -13
2062     -2
2063     8
2064     22
2065     1
2066     -15
2067     16
2068     -5
2069     -14
2070     21
2071     16
2072     -16
2073     0
2074     -7
2075     11
2076     11
2077     11
2078     -10
2079     -22
2080     -7
2081     -3
2082     -6
2083     -7
2084     -7
2085     4
2086     -10
2087     4
2088     3
2089     -12
2090     -8
2091     -17
2092     -2
2093     -10
2094     8
2095     7
2096     18
2097     -9
2098     6
2099     -3
2100     -26
2101     7
2102     0
2103     -10
2104     -13
2105     -2
2106     -17
2107     -21
2108     -4
2109     0
2110     -11
2111     -18
2112     16
2113     -4
2114     -13
2115     -7
2116     0
2117     6
2118     -16
2119     1
2120     0
2121     -6
2122     -18
2123     -9
2124     -13
2125     13
2126     8
2127     2
2128     5
2129     2
2130     -18
2131     -18
2132     20
2133     -12
2134     11
2135     6
2136     -14
2137     -16
2138     -3
2139     21
2140     13
2141     -3
2142     13
2143     13
2144     -8
2145     15
2146     9
2147     -16
2148     -20
2149     10
2150     -13
2151     -1
2152     20
2153     -5
2154     7
2155     4
2156     12
2157     8
2158     7
2159     21
2160     -6
2161     -3
2162     -9
2163     18
2164     -16
2165     -20
2166     8
2167     -7
2168     0
2169     -16
2170     -7
2171     -15
2172     -11
2173     -12
2174     12
2175     15
2176     12
2177     13
2178     -17
2179     -7
2180     -4
2181     -11
2182     -9
2183     -12
2184     -7
2185     4
2186     -9
2187     12
2188     18
2189     1
2190     -5
2191     1
2192     17
2193     -7
2194     -8
2195     -13
2196     12
2197     -10
2198     -4
2199     -11
2200     -5
2201     16
2202     -2
2203     13
2204     -20
2205     8
