1     3
2     -15
3     18
4     6
5     7
6     -7
7     15
8     -2
9     -21
10     -9
11     10
12     10
13     -16
14     -14
15     -16
16     15
17     14
18     10
19     3
20     5
21     2
22     -13
23     -4
24     -21
25     -7
26     16
27     -2
28     -8
29     10
30     19
31     6
32     -14
33     3
34     1
35     5
36     2
37     -13
38     17
39     9
40     -6
41     8
42     -1
43     13
44     -4
45     9
46     17
47     -28
48     2
49     8
50     13
51     8
52     -18
53     -12
54     -6
55     24
56     13
57     3
58     -9
59     -5
60     24
61     -7
62     -3
63     7
64     -22
65     -1
66     -8
67     -11
68     -11
69     -16
70     -13
71     -3
72     18
73     -19
74     -5
75     19
76     -15
77     -18
78     -3
79     4
80     -21
81     -7
82     8
83     -11
84     11
85     2
86     -14
87     -4
88     10
89     -10
90     -4
91     6
92     -13
93     -20
94     8
95     5
96     -11
97     -7
98     -6
99     8
100     -9
101     -15
102     -6
103     -27
104     -3
105     0
106     -3
107     9
108     -21
109     -4
110     -3
111     10
112     7
113     6
114     1
115     3
116     8
117     19
118     12
119     -14
120     -6
121     5
122     -9
123     -5
124     1
125     -23
126     1
127     17
128     -3
129     8
130     -5
131     -6
132     2
133     -17
134     17
135     9
136     -14
137     25
138     3
139     6
140     0
141     2
142     10
143     -14
144     15
145     -26
146     -9
147     17
148     2
149     -6
150     5
151     21
152     0
153     -6
154     23
155     -2
156     -3
157     15
158     -16
159     -19
160     -18
161     -3
162     -8
163     -17
164     7
165     6
166     -23
167     -10
168     9
169     -27
170     4
171     5
172     -12
173     3
174     -15
175     19
176     4
177     -20
178     0
179     12
180     -18
181     -3
182     8
183     -6
184     19
185     -12
186     -8
187     3
188     -8
189     -2
190     11
191     18
192     -3
193     -17
194     -17
195     -20
196     -12
197     3
198     14
199     -4
200     -17
201     6
202     -1
203     6
204     13
205     -6
206     -2
207     -19
208     -8
209     -1
210     -17
211     -10
212     2
213     17
214     -1
215     18
216     1
217     -10
218     15
219     -6
220     25
221     -9
222     0
223     13
224     1
225     9
226     -12
227     -17
228     3
229     0
230     -13
231     7
232     -24
233     -9
234     4
235     2
236     -2
237     16
238     10
239     -25
240     24
241     1
242     -12
243     12
244     -3
245     -13
246     -15
247     -4
248     -10
249     5
250     16
251     -5
252     -10
253     -16
254     -11
255     6
256     5
257     14
258     -5
259     3
260     -1
261     -23
262     -12
263     2
264     -11
265     6
266     12
267     -12
268     -10
269     -2
270     17
271     10
272     -8
273     7
274     14
275     -8
276     -1
277     5
278     -7
279     -2
280     -24
281     -18
282     2
283     20
284     -6
285     9
286     17
287     20
288     8
289     -11
290     11
291     11
292     13
293     -18
294     -21
295     -11
296     8
297     -4
298     15
299     3
300     -5
301     7
302     -5
303     23
304     15
305     -18
306     6
307     4
308     -13
309     10
310     9
311     15
312     12
313     2
314     -17
315     -10
316     -2
317     9
318     15
319     6
320     -3
321     7
322     -13
323     -12
324     -6
325     -7
326     -5
327     15
328     4
329     -15
330     26
331     -11
332     -2
333     9
334     7
335     0
336     -12
337     -10
338     -12
339     19
340     -13
341     -13
342     1
343     0
344     -8
345     -2
346     13
347     -7
348     -5
349     -5
350     -9
351     8
352     3
353     17
354     -14
355     -12
356     -7
357     -2
358     17
359     -18
360     -6
361     -14
362     -5
363     1
364     -19
365     11
366     0
367     -8
368     10
369     -3
370     6
371     4
372     -24
373     -5
374     0
375     20
376     4
377     -6
378     -4
379     -5
380     -1
381     -15
382     11
383     9
384     -9
385     9
386     9
387     -14
388     -10
389     -13
390     13
391     3
392     16
393     18
394     -3
395     -8
396     20
397     17
398     -11
399     -15
400     -14
401     -8
402     -5
403     -18
404     -2
405     -8
406     12
407     13
408     2
409     4
410     -13
411     23
412     15
413     2
414     4
415     6
416     -12
417     12
418     -3
419     -8
420     -6
421     -1
422     15
423     10
424     14
425     -24
426     -9
427     12
428     5
429     21
430     7
431     -2
432     -3
433     12
434     9
435     -16
436     18
437     -13
438     -4
439     -9
440     -6
441     -4
442     -9
443     3
444     -9
445     -15
446     -12
447     -8
448     -2
449     8
450     -19
451     28
452     11
453     -19
454     -17
455     -6
456     -7
457     -20
458     -12
459     -2
460     22
461     3
462     10
463     11
464     17
465     6
466     6
467     16
468     13
469     -11
470     -3
471     7
472     18
473     8
474     -11
475     4
476     -17
477     20
478     -4
479     -10
480     5
481     18
482     17
483     -5
484     15
485     -4
486     11
487     1
488     -16
489     -15
490     0
491     13
492     0
493     7
494     -15
495     -15
496     -1
497     12
498     3
499     -7
500     27
501     0
502     -14
503     -11
504     0
505     5
506     -2
507     19
508     2
509     -16
510     4
511     -4
512     7
513     8
514     -14
515     7
516     -2
517     23
518     1
519     5
520     1
521     -6
522     14
523     22
524     12
525     -3
526     -14
527     -5
528     16
529     0
530     3
531     -12
532     -9
533     -11
534     -9
535     -21
536     -10
537     4
538     3
539     1
540     -8
541     8
542     1
543     -15
544     -15
545     -10
546     -11
547     2
548     -8
549     -5
550     3
551     -15
552     24
553     12
554     -17
555     -11
556     -22
557     -2
558     11
559     -23
560     -11
561     11
562     -6
563     10
564     13
565     -6
566     -5
567     0
568     5
569     -15
570     -13
571     -6
572     9
573     -12
574     3
575     5
576     -3
577     11
578     3
579     11
580     13
581     5
582     -11
583     9
584     -16
585     12
586     15
587     -23
588     7
589     -1
590     3
591     6
592     -5
593     -2
594     -7
595     -6
596     -7
597     16
598     -4
599     -5
600     -2
601     19
602     -16
603     -3
604     1
605     -18
606     11
607     -7
608     -9
609     -7
610     -4
611     -20
612     6
613     -1
614     -7
615     15
616     -5
617     17
618     16
619     -10
620     12
621     7
622     5
623     7
624     -19
625     5
626     -2
627     -16
628     -15
629     9
630     19
631     5
632     -4
633     -8
634     -7
635     9
636     17
637     2
638     -21
639     -3
640     10
641     -13
642     -3
643     -6
644     -10
645     -21
646     8
647     1
648     -14
649     11
650     15
651     12
652     3
653     11
654     -17
655     -8
656     8
657     5
658     -17
659     -15
660     -23
661     -14
662     20
663     15
664     0
665     -18
666     6
667     -2
668     -8
669     3
670     1
671     16
672     -1
673     4
674     4
675     15
676     20
677     7
678     -3
679     -1
680     3
681     -22
682     2
683     19
684     21
685     12
686     0
687     -1
688     11
689     -3
690     -13
691     3
692     10
693     5
694     -8
695     13
696     -14
697     -1
698     6
699     -11
700     -20
701     -17
702     16
703     -3
704     -6
705     18
706     13
707     -18
708     -5
709     4
710     -18
711     -10
712     7
713     -2
714     -2
715     10
716     -9
717     -7
718     -13
719     -2
720     10
721     5
722     -5
723     22
724     17
725     24
726     13
727     -16
728     -1
729     5
730     17
731     9
732     6
733     -1
734     -1
735     -6
736     -17
737     25
738     4
739     -12
740     11
741     8
742     14
743     -1
744     6
745     -6
746     5
747     -4
748     -15
749     -15
750     -20
751     8
752     7
753     0
754     3
755     -19
756     4
757     12
758     -14
759     -1
760     -14
761     -18
762     11
763     4
764     9
765     -8
766     -15
767     -19
768     -12
769     -6
770     -7
771     11
772     -2
773     9
774     6
775     3
776     -7
777     11
778     -21
779     -11
780     14
781     15
782     10
783     -17
784     19
785     11
786     -8
787     4
788     22
789     21
790     12
791     -15
792     -10
793     15
794     -8
795     -6
796     -8
797     18
798     5
799     -11
800     4
801     -22
802     13
803     6
804     5
805     3
806     1
807     -20
808     -8
809     4
810     -17
811     11
812     10
813     4
814     -13
815     -15
816     -8
817     11
818     -10
819     3
820     13
821     11
822     22
823     5
824     -15
825     -11
826     4
827     -2
828     5
829     15
830     12
831     24
832     -4
833     -8
834     3
835     -4
836     14
837     8
838     -5
839     1
840     8
841     -2
842     11
843     -10
844     17
845     13
846     -8
847     16
848     13
849     -18
850     -3
851     9
852     -14
853     5
854     1
855     5
856     5
857     -2
858     -20
859     1
860     13
861     24
862     5
863     -3
864     22
865     15
866     4
867     -6
868     13
869     0
870     -14
871     -12
872     -11
873     -2
874     -12
875     -2
876     0
877     -15
878     -14
879     5
880     12
881     -11
882     16
883     3
884     5
885     -14
886     -8
887     6
888     -9
889     8
890     -13
891     19
892     16
893     23
894     -2
895     -14
896     20
897     3
898     23
899     -8
900     4
901     10
902     -14
903     -2
904     -5
905     9
906     -7
907     9
908     -3
909     7
910     0
911     -2
912     1
913     -20
914     -14
915     -13
916     24
917     6
918     -13
919     -14
920     24
921     13
922     21
923     9
924     -8
925     10
926     -12
927     14
928     -10
929     3
930     17
931     -13
932     -8
933     -8
934     -17
935     -12
936     5
937     12
938     2
939     10
940     5
941     6
942     16
943     -2
944     -7
945     11
946     22
947     5
948     9
949     -11
950     -10
951     17
952     -9
953     6
954     -2
955     14
956     5
957     -19
958     -4
959     14
960     19
961     -4
962     27
963     -6
964     -10
965     8
966     -10
967     13
968     -21
969     -8
970     -9
971     -20
972     -5
973     -3
974     13
975     -16
976     3
977     -2
978     -14
979     18
980     17
981     17
982     -2
983     -2
984     -18
985     7
986     8
987     -18
988     -20
989     -10
990     24
991     0
992     -6
993     -12
994     -19
995     -9
996     -2
997     22
998     2
999     -20
1000     0
1001     2
1002     -22
1003     1
1004     12
1005     -13
1006     -10
1007     12
1008     12
1009     -6
1010     24
1011     4
1012     2
1013     11
1014     6
1015     19
1016     1
1017     -23
1018     -13
1019     -17
1020     -5
1021     16
1022     3
1023     -9
1024     -6
1025     15
1026     3
1027     -14
1028     -11
1029     16
1030     11
1031     2
1032     -1
1033     6
1034     -18
1035     -20
1036     -10
1037     -4
1038     2
1039     -4
1040     -13
1041     -9
1042     13
1043     -4
1044     5
1045     3
1046     -20
1047     -9
1048     -12
1049     -14
1050     -3
1051     17
1052     16
1053     -2
1054     5
1055     18
1056     8
1057     -3
1058     -11
1059     -7
1060     -17
1061     -3
1062     4
1063     -13
1064     15
1065     13
1066     -19
1067     -14
1068     -19
1069     -7
1070     -15
1071     -13
1072     12
1073     -20
1074     0
1075     -3
1076     -20
1077     -3
1078     -11
1079     -21
1080     -15
1081     3
1082     -10
1083     -14
1084     6
1085     -12
1086     -3
1087     5
1088     27
1089     -1
1090     -7
1091     8
1092     -9
1093     8
1094     -6
1095     5
1096     -15
1097     13
1098     5
1099     -19
1100     -8
1101     -14
1102     26
1103     -1
1104     -16
1105     -15
1106     -10
1107     9
1108     -2
1109     23
1110     -8
1111     -15
1112     -10
1113     -9
1114     21
1115     21
1116     10
1117     -8
1118     -3
1119     12
1120     0
1121     -11
1122     3
1123     -19
1124     0
1125     -3
1126     4
1127     5
1128     -15
1129     11
1130     2
1131     11
1132     10
1133     -1
1134     -20
1135     9
1136     7
1137     -5
1138     17
1139     20
1140     9
1141     -8
1142     18
1143     2
1144     -4
1145     -3
1146     9
1147     19
1148     7
1149     19
1150     -1
1151     12
1152     11
1153     14
1154     6
1155     -7
1156     13
1157     -7
1158     7
1159     -21
1160     8
1161     6
1162     -13
1163     20
1164     11
1165     2
1166     -8
1167     -4
1168     19
1169     -10
1170     -10
1171     5
1172     12
1173     10
1174     3
1175     2
1176     -6
1177     6
1178     8
1179     -1
1180     0
1181     16
1182     -9
1183     -14
1184     7
1185     3
1186     -12
1187     20
1188     5
1189     2
1190     14
1191     -12
1192     12
1193     2
1194     -11
1195     0
1196     -17
1197     17
1198     4
1199     -9
1200     13
1201     -5
1202     -14
1203     -19
1204     3
1205     -8
1206     -17
1207     -7
1208     -16
1209     24
1210     3
1211     -16
1212     22
1213     9
1214     -12
1215     2
1216     -20
1217     -13
1218     -5
1219     -12
1220     11
1221     9
1222     -9
1223     -3
1224     -7
1225     -2
1226     16
1227     17
1228     12
1229     -14
1230     6
1231     13
1232     9
1233     -6
1234     16
1235     -8
1236     4
1237     -2
1238     -9
1239     7
1240     -12
1241     9
1242     -8
1243     13
1244     -21
1245     1
1246     -2
1247     -2
1248     1
1249     -18
1250     4
1251     -2
1252     -14
1253     1
1254     14
1255     -14
1256     14
1257     15
1258     5
1259     6
1260     -23
1261     23
1262     6
1263     -9
1264     2
1265     -17
1266     18
1267     14
1268     -9
1269     -16
1270     -13
1271     -6
1272     -6
1273     -8
1274     13
1275     17
1276     7
1277     -7
1278     -7
1279     4
1280     -17
1281     0
1282     -3
1283     -4
1284     0
1285     9
1286     13
1287     -12
1288     0
1289     15
1290     13
1291     -18
1292     -16
1293     -6
1294     5
1295     19
1296     -4
1297     -9
1298     -12
1299     -13
1300     16
1301     -3
1302     -6
1303     3
1304     22
1305     12
1306     13
1307     7
1308     -17
1309     -17
1310     23
1311     4
1312     -11
1313     17
1314     8
1315     10
1316     -10
1317     -26
1318     -9
1319     19
1320     9
1321     -1
1322     -9
1323     -9
1324     5
1325     -1
1326     13
1327     14
1328     2
1329     18
1330     0
1331     8
1332     -6
1333     8
1334     14
1335     -11
1336     -3
1337     26
1338     0
1339     -7
1340     15
1341     20
1342     12
1343     -16
1344     5
1345     -13
1346     -6
1347     0
1348     -18
1349     -4
1350     15
1351     -5
1352     -3
1353     24
1354     8
1355     -7
1356     9
1357     12
1358     -9
1359     -20
1360     -3
1361     -12
1362     -14
1363     -12
1364     -12
1365     20
1366     4
1367     -18
1368     -2
1369     18
1370     -1
1371     -14
1372     -2
1373     -15
1374     14
1375     7
1376     -2
1377     10
1378     -15
1379     9
1380     -12
1381     15
1382     -6
1383     -17
1384     -10
1385     -14
1386     19
1387     4
1388     -13
1389     -12
1390     19
1391     -1
1392     0
1393     12
1394     -9
1395     9
1396     18
1397     -17
1398     -5
1399     9
1400     -17
1401     -7
1402     -12
1403     -4
1404     15
1405     13
1406     -12
1407     8
1408     7
1409     -14
1410     3
1411     -3
1412     16
1413     12
1414     -21
1415     -20
1416     -16
1417     13
1418     -5
1419     1
1420     11
1421     -1
1422     5
1423     -10
1424     5
1425     -10
1426     -2
1427     -16
1428     -12
1429     -5
1430     -10
1431     12
1432     8
1433     -9
1434     -20
1435     -18
1436     -16
1437     26
1438     13
1439     -6
1440     10
1441     -10
1442     -3
1443     13
1444     19
1445     5
1446     -13
1447     -7
1448     -4
1449     -3
1450     11
1451     -7
1452     -16
1453     4
1454     -3
1455     11
1456     -3
1457     -20
1458     17
1459     11
1460     -12
1461     16
1462     7
1463     14
1464     17
1465     -13
1466     14
1467     13
1468     7
1469     -2
1470     -15
1471     -15
1472     -8
1473     22
1474     -5
1475     1
1476     -4
1477     8
1478     14
1479     -10
1480     -7
1481     8
1482     14
1483     -18
1484     14
1485     18
1486     -26
1487     -10
1488     -8
1489     -13
1490     5
1491     -10
1492     -1
1493     1
1494     4
1495     -24
1496     -12
1497     6
1498     -3
1499     -10
1500     -14
1501     -11
1502     -1
1503     19
1504     2
1505     25
1506     6
1507     -20
1508     12
1509     16
1510     -4
1511     -15
1512     3
1513     -4
1514     16
1515     9
1516     -16
1517     27
1518     9
1519     -11
1520     -12
1521     1
1522     8
1523     -18
1524     -2
1525     -16
1526     -5
1527     8
1528     5
1529     18
1530     1
1531     13
1532     5
1533     -3
1534     1
1535     0
1536     0
1537     17
1538     -3
1539     -5
1540     -9
1541     -17
1542     6
1543     3
1544     -23
1545     -8
1546     1
1547     -11
1548     -9
1549     -11
1550     -9
1551     -2
1552     4
1553     -17
1554     -12
1555     -11
1556     4
1557     -4
1558     13
1559     8
1560     -2
1561     13
1562     11
1563     -19
1564     -7
1565     -11
1566     -8
1567     19
1568     -16
1569     0
1570     -9
1571     -17
1572     -18
1573     -5
1574     19
1575     5
1576     -16
1577     13
1578     2
1579     -12
1580     -7
1581     -11
1582     16
1583     10
1584     2
1585     -1
1586     4
1587     -8
1588     13
1589     6
1590     -25
1591     -4
1592     12
1593     -1
1594     12
1595     3
1596     7
1597     -2
1598     -18
1599     3
1600     -18
1601     -9
1602     6
1603     11
1604     13
1605     -3
1606     -14
1607     -11
1608     9
1609     -15
1610     -7
1611     20
1612     10
1613     0
1614     -2
1615     15
1616     15
1617     2
1618     3
1619     -5
1620     0
1621     -11
1622     2
1623     14
1624     18
1625     -5
1626     -17
1627     -4
1628     9
1629     9
1630     9
1631     13
1632     -7
1633     9
1634     7
1635     19
1636     18
1637     -15
1638     -11
1639     -5
1640     -7
1641     -15
1642     -13
1643     -3
1644     5
1645     16
1646     -7
1647     20
1648     6
1649     -21
1650     -4
1651     18
1652     -8
1653     -12
1654     -6
1655     7
1656     12
1657     -20
1658     -3
1659     -18
1660     4
1661     3
1662     6
1663     2
1664     -1
1665     20
1666     -11
1667     -7
1668     8
1669     10
1670     -1
1671     17
1672     5
1673     -8
1674     11
1675     11
1676     15
1677     11
1678     2
1679     -1
1680     17
1681     8
1682     -22
1683     -13
1684     -2
1685     3
1686     7
1687     -3
1688     21
1689     14
1690     10
1691     3
1692     -10
1693     6
1694     8
1695     -23
1696     8
1697     11
1698     -16
1699     14
1700     -24
1701     -9
1702     0
1703     -8
1704     -17
1705     -10
1706     18
1707     22
1708     17
1709     9
1710     1
1711     -7
1712     -8
1713     -10
1714     0
1715     -10
1716     13
1717     10
1718     0
1719     11
1720     3
1721     13
1722     7
1723     -13
1724     8
1725     2
1726     -2
1727     21
1728     7
1729     4
1730     22
1731     -3
1732     26
1733     7
1734     -7
1735     -9
1736     -11
1737     13
1738     -19
1739     4
1740     -11
1741     10
1742     13
1743     -8
1744     4
1745     -7
1746     -16
1747     2
1748     17
1749     8
1750     -6
1751     -10
1752     2
1753     15
1754     13
1755     -18
1756     -9
1757     3
1758     -8
1759     7
1760     18
1761     22
1762     5
1763     2
1764     14
1765     -10
1766     -22
1767     -10
1768     12
1769     26
1770     4
1771     -11
1772     9
1773     -21
1774     11
1775     16
1776     16
1777     9
1778     -7
1779     17
1780     12
1781     -2
1782     4
1783     13
1784     7
1785     21
1786     16
1787     1
1788     -4
1789     -14
1790     -14
1791     -5
1792     -13
1793     6
1794     1
1795     18
1796     5
1797     7
1798     4
1799     -12
1800     19
1801     9
1802     -5
1803     -11
1804     22
1805     3
1806     -9
1807     -23
1808     -16
1809     10
1810     -6
1811     -20
1812     0
1813     -4
1814     -13
1815     7
1816     4
1817     -20
1818     -8
1819     19
1820     -1
1821     23
1822     1
1823     15
1824     10
1825     -10
1826     20
1827     3
1828     9
1829     5
1830     -9
1831     19
1832     10
1833     -4
1834     7
1835     -18
1836     23
1837     0
1838     -16
1839     6
1840     4
1841     8
1842     -14
1843     -4
1844     -9
1845     -13
1846     -12
1847     -14
1848     4
1849     1
1850     -8
1851     25
1852     8
1853     -15
1854     -20
1855     -13
1856     19
1857     -17
1858     -5
1859     2
1860     -5
1861     -1
1862     -1
1863     -21
1864     -11
1865     12
1866     -23
1867     -8
1868     1
1869     14
1870     -10
1871     -12
1872     22
1873     10
1874     -4
1875     5
1876     13
1877     24
1878     8
1879     -8
1880     11
1881     23
1882     4
1883     4
1884     7
1885     -16
1886     -13
1887     -3
1888     15
1889     9
1890     -3
1891     2
1892     7
1893     -9
1894     -13
1895     -9
1896     13
1897     2
1898     -4
1899     1
1900     5
1901     3
1902     7
1903     -9
1904     -7
1905     16
1906     15
1907     -8
1908     -4
1909     20
1910     16
1911     12
1912     -10
1913     -3
1914     11
1915     0
1916     4
1917     -13
1918     -8
1919     7
1920     -9
1921     26
1922     -1
1923     -17
1924     1
1925     -8
1926     19
1927     15
1928     13
1929     2
1930     -19
1931     -6
1932     14
1933     6
1934     -22
1935     -17
1936     -16
1937     -5
1938     1
1939     -21
1940     -14
1941     4
1942     -12
1943     -2
1944     5
1945     -19
1946     4
1947     4
1948     -11
1949     5
1950     11
1951     2
1952     7
1953     6
1954     -4
1955     5
1956     23
1957     17
1958     8
1959     20
1960     3
1961     26
1962     10
1963     -13
1964     -8
1965     0
1966     1
1967     -5
1968     -2
1969     -15
1970     17
1971     20
1972     12
1973     5
1974     1
1975     19
1976     10
1977     -22
1978     -18
1979     -11
1980     -19
1981     -11
1982     21
1983     1
1984     -9
1985     -9
1986     9
1987     2
1988     -12
1989     -1
1990     -3
1991     9
1992     -1
1993     -4
1994     -9
1995     11
1996     13
1997     -16
1998     -11
1999     4
2000     16
2001     18
2002     0
2003     -2
2004     -25
2005     -10
2006     -6
2007     8
2008     12
2009     7
2010     15
2011     -17
2012     -8
2013     6
2014     9
2015     13
2016     7
2017     -18
2018     22
2019     2
2020     5
2021     2
2022     -2
2023     13
2024     -15
2025     2
2026     5
2027     13
2028     -3
2029     9
2030     12
2031     -10
2032     7
2033     11
2034     -7
2035     20
2036     1
2037     -10
2038     15
2039     13
2040     18
2041     -8
2042     -13
2043     16
2044     -20
2045     -13
2046     -16
2047     -11
2048     4
2049     -19
2050     -2
2051     -1
2052     9
2053     2
2054     -23
2055     -5
2056     3
2057     -8
2058     2
2059     8
2060     18
2061     -20
2062     -1
2063     0
2064     6
2065     11
2066     -19
2067     8
2068     -14
2069     -14
2070     14
2071     -1
2072     -15
2073     12
2074     -12
2075     8
2076     13
2077     3
2078     2
2079     -5
2080     9
2081     1
2082     -20
2083     -12
2084     10
2085     -14
2086     -12
2087     -2
2088     -6
2089     -6
2090     9
2091     14
2092     4
2093     -18
2094     -5
2095     -12
2096     -3
2097     6
2098     -5
2099     25
2100     0
2101     -16
2102     -15
2103     -13
2104     -5
2105     -13
2106     7
2107     -21
2108     -6
2109     5
2110     -5
2111     21
2112     1
2113     -10
2114     7
2115     -13
2116     4
2117     2
2118     -5
2119     14
2120     1
2121     -1
2122     -24
2123     -4
2124     -5
2125     -8
2126     1
2127     -14
2128     9
2129     -21
2130     -11
2131     -7
2132     -1
2133     -3
2134     -7
2135     -10
2136     -14
2137     17
2138     5
2139     2
2140     -4
2141     13
2142     10
2143     8
2144     6
2145     -12
2146     4
2147     5
2148     11
2149     17
2150     5
2151     -17
2152     16
2153     -1
2154     -8
2155     16
2156     4
2157     3
2158     -7
2159     -16
2160     -7
2161     10
2162     -16
2163     11
2164     6
2165     -15
2166     6
2167     8
2168     -9
2169     -23
2170     -15
2171     19
2172     -6
2173     -4
2174     8
2175     -6
2176     3
2177     5
2178     10
2179     -7
2180     -2
2181     -19
2182     -4
2183     17
2184     -9
2185     1
2186     -17
2187     -5
2188     4
2189     -15
2190     11
2191     -24
2192     -2
2193     6
2194     19
2195     13
2196     -19
2197     -6
2198     -18
2199     -13
2200     4
2201     15
2202     -11
2203     5
2204     -8
2205     -14
