1     -22
2     10
3     -3
4     0
5     10
6     8
7     2
8     6
9     26
10     -10
11     -5
12     7
13     -17
14     -12
15     6
16     -15
17     -5
18     -11
19     -6
20     15
21     18
22     16
23     14
24     -6
25     -21
26     11
27     0
28     7
29     17
30     17
31     1
32     -13
33     18
34     12
35     11
36     -16
37     7
38     17
39     -17
40     8
41     -10
42     -12
43     -8
44     -6
45     17
46     -14
47     -4
48     -2
49     -15
50     -16
51     0
52     16
53     -14
54     -17
55     0
56     13
57     -15
58     -16
59     -8
60     -20
61     11
62     14
63     -16
64     6
65     0
66     -15
67     2
68     -13
69     16
70     7
71     1
72     -6
73     -23
74     8
75     -2
76     11
77     17
78     20
79     12
80     2
81     -8
82     -1
83     7
84     -21
85     10
86     15
87     -1
88     -15
89     -22
90     -20
91     0
92     21
93     -13
94     -20
95     -14
96     -4
97     9
98     -13
99     -11
100     4
101     15
102     7
103     14
104     27
105     -13
106     -22
107     13
108     -7
109     -2
110     19
111     14
112     20
113     18
114     7
115     9
116     -9
117     0
118     -6
119     -19
120     7
121     -20
122     8
123     27
124     -18
125     12
126     21
127     -14
128     9
129     7
130     5
131     -4
132     2
133     4
134     15
135     -11
136     9
137     28
138     -3
139     8
140     -4
141     11
142     -15
143     8
144     2
145     -7
146     5
147     -5
148     -5
149     2
150     22
151     -4
152     14
153     -12
154     -22
155     -19
156     -1
157     0
158     -16
159     4
160     3
161     9
162     -16
163     11
164     -1
165     -23
166     10
167     1
168     -17
169     -16
170     -14
171     -13
172     18
173     -7
174     -15
175     -14
176     -12
177     7
178     -2
179     7
180     0
181     4
182     13
183     -8
184     -19
185     -14
186     -12
187     13
188     7
189     12
190     -2
191     -3
192     12
193     14
194     20
195     -10
196     3
197     10
198     -3
199     -15
200     12
201     8
202     7
203     23
204     -4
205     6
206     -15
207     -9
208     15
209     12
210     0
211     -20
212     16
213     -2
214     9
215     1
216     -3
217     13
218     -1
219     9
220     -11
221     5
222     7
223     10
224     24
225     15
226     -10
227     10
228     0
229     -5
230     21
231     21
232     -11
233     10
234     0
235     0
236     21
237     -2
238     2
239     -1
240     -8
241     -3
242     -11
243     2
244     -11
245     16
246     3
247     18
248     8
249     -9
250     2
251     -12
252     13
253     -10
254     2
255     6
256     9
257     18
258     -5
259     0
260     -3
261     -1
262     15
263     -4
264     -11
265     -1
266     17
267     15
268     -1
269     -12
270     15
271     12
272     -1
273     16
274     -12
275     -2
276     -13
277     -9
278     -13
279     11
280     6
281     -4
282     -8
283     -28
284     17
285     17
286     -6
287     16
288     8
289     -1
290     -5
291     -10
292     17
293     6
294     -8
295     -20
296     3
297     -9
298     -7
299     24
300     -3
301     -6
302     -11
303     15
304     2
305     -3
306     18
307     -14
308     -7
309     8
310     8
311     8
312     10
313     -13
314     -17
315     -8
316     16
317     -7
318     -28
319     -2
320     -14
321     -18
322     3
323     0
324     18
325     -10
326     2
327     27
328     2
329     4
330     -12
331     -15
332     8
333     -6
334     10
335     11
336     -20
337     6
338     -10
339     8
340     -5
341     -6
342     -8
343     -20
344     15
345     17
346     -4
347     -4
348     -8
349     -13
350     0
351     10
352     16
353     -3
354     13
355     17
356     -11
357     -10
358     -2
359     -8
360     3
361     16
362     25
363     -9
364     -1
365     9
366     -20
367     -3
368     3
369     20
370     4
371     -3
372     -19
373     -2
374     15
375     5
376     10
377     -8
378     16
379     4
380     7
381     -12
382     -4
383     12
384     -20
385     -14
386     -7
387     -4
388     -2
389     7
390     -1
391     -18
392     12
393     10
394     2
395     7
396     -17
397     -22
398     15
399     -8
400     -6
401     14
402     -18
403     14
404     2
405     -12
406     -15
407     -11
408     -1
409     12
410     -5
411     5
412     17
413     6
414     7
415     9
416     10
417     9
418     9
419     -15
420     -6
421     -14
422     -19
423     13
424     -5
425     13
426     5
427     -24
428     14
429     17
430     17
431     -5
432     -5
433     -13
434     -18
435     8
436     -15
437     7
438     12
439     14
440     -7
441     -11
442     -4
443     -4
444     -3
445     12
446     16
447     13
448     -8
449     -20
450     1
451     -2
452     19
453     2
454     2
455     -7
456     9
457     -7
458     -1
459     -9
460     -13
461     -3
462     -21
463     -13
464     9
465     8
466     -15
467     13
468     -4
469     15
470     5
471     -16
472     -4
473     -16
474     9
475     16
476     -9
477     11
478     6
479     -18
480     10
481     -8
482     -16
483     -4
484     12
485     -14
486     6
487     7
488     -22
489     -7
490     12
491     13
492     -18
493     -13
494     -19
495     2
496     9
497     2
498     -11
499     -17
500     14
501     -15
502     -19
503     -11
504     0
505     6
506     -19
507     -6
508     -9
509     -13
510     0
511     16
512     10
513     2
514     9
515     0
516     13
517     -10
518     -2
519     21
520     -12
521     5
522     0
523     -13
524     -13
525     -13
526     22
527     -3
528     15
529     1
530     -8
531     22
532     -6
533     7
534     23
535     0
536     -12
537     -2
538     -12
539     -6
540     -12
541     -8
542     1
543     0
544     19
545     23
546     -17
547     9
548     -2
549     -14
550     -6
551     -7
552     20
553     -12
554     -8
555     4
556     1
557     -16
558     -21
559     8
560     2
561     6
562     -6
563     11
564     12
565     6
566     14
567     15
568     21
569     0
570     1
571     -12
572     13
573     -4
574     -9
575     -9
576     -23
577     0
578     -11
579     -15
580     -23
581     16
582     21
583     -8
584     18
585     3
586     14
587     -6
588     -23
589     0
590     -5
591     6
592     -1
593     -2
594     -11
595     -18
596     1
597     -6
598     -1
599     7
600     -9
601     18
602     -5
603     3
604     -11
605     -22
606     13
607     -17
608     -1
609     -16
610     4
611     7
612     -19
613     1
614     -17
615     -15
616     -1
617     5
618     -15
619     19
620     -9
621     -28
622     14
623     -9
624     14
625     1
626     15
627     11
628     -2
629     -7
630     -14
631     0
632     -8
633     11
634     0
635     4
636     15
637     9
638     3
639     17
640     22
641     -10
642     11
643     6
644     7
645     0
646     -20
647     4
648     9
649     16
650     12
651     13
652     14
653     14
654     -7
655     14
656     4
657     -9
658     2
659     -22
660     14
661     23
662     11
663     10
664     -15
665     3
666     3
667     -6
668     2
669     17
670     -7
671     -18
672     -1
673     10
674     19
675     -6
676     16
677     -15
678     6
679     -1
680     -21
681     7
682     -20
683     -11
684     -16
685     -12
686     -14
687     -4
688     6
689     -15
690     6
691     7
692     10
693     6
694     -10
695     6
696     -11
697     8
698     -14
699     -11
700     22
701     8
702     6
703     2
704     -19
705     -16
706     -4
707     -1
708     9
709     -4
710     5
711     -10
712     1
713     1
714     14
715     4
716     -17
717     0
718     -21
719     6
720     18
721     6
722     -14
723     4
724     18
725     -4
726     10
727     -1
728     -17
729     -6
730     4
731     -11
732     7
733     5
734     3
735     10
736     -1
737     -11
738     -5
739     21
740     -11
741     -12
742     20
743     0
744     -9
745     13
746     18
747     17
748     -11
749     3
750     14
751     -14
752     -10
753     -7
754     -11
755     13
756     -11
757     -8
758     19
759     -7
760     -15
761     3
762     -9
763     -6
764     3
765     11
766     6
767     13
768     16
769     -4
770     -8
771     -19
772     16
773     18
774     6
775     2
776     -3
777     -9
778     -9
779     -8
780     -3
781     2
782     -5
783     19
784     19
785     1
786     14
787     -5
788     17
789     0
790     -19
791     16
792     17
793     16
794     9
795     15
796     19
797     0
798     -5
799     -16
800     -11
801     13
802     16
803     20
804     -10
805     -9
806     -5
807     -4
808     -10
809     11
810     8
811     -20
812     -16
813     3
814     0
815     -3
816     5
817     2
818     0
819     -11
820     -4
821     6
822     -2
823     -7
824     2
825     -4
826     18
827     14
828     14
829     4
830     4
831     13
832     -19
833     14
834     18
835     18
836     4
837     -23
838     13
839     12
840     13
841     20
842     -12
843     3
844     19
845     4
846     -12
847     -7
848     6
849     0
850     17
851     13
852     14
853     23
854     -10
855     -3
856     -3
857     -13
858     19
859     -8
860     -19
861     11
862     -9
863     11
864     10
865     -7
866     -2
867     -17
868     -1
869     -15
870     -15
871     9
872     -9
873     10
874     14
875     9
876     -1
877     -17
878     15
879     17
880     -3
881     -12
882     -5
883     3
884     -8
885     1
886     -16
887     9
888     27
889     8
890     20
891     7
892     -7
893     -5
894     -3
895     1
896     1
897     2
898     4
899     8
900     -19
901     13
902     23
903     10
904     -1
905     -12
906     -2
907     -22
908     7
909     -16
910     4
911     16
912     -1
913     14
914     5
915     -5
916     7
917     24
918     -9
919     3
920     -13
921     -2
922     19
923     12
924     18
925     -16
926     8
927     -9
928     -26
929     11
930     3
931     -17
932     -3
933     -15
934     5
935     -1
936     -25
937     3
938     8
939     12
940     9
941     -2
942     15
943     1
944     -21
945     -6
946     8
947     3
948     13
949     -12
950     10
951     7
952     15
953     1
954     -22
955     11
956     -5
957     3
958     11
959     8
960     -15
961     3
962     14
963     4
964     -3
965     9
966     -9
967     -4
968     -12
969     -25
970     -10
971     5
972     -8
973     -15
974     15
975     -5
976     2
977     19
978     -14
979     1
980     2
981     2
982     -11
983     -21
984     -17
985     -3
986     2
987     10
988     11
989     -3
990     5
991     -12
992     4
993     -9
994     -9
995     -5
996     -2
997     -12
998     -8
999     21
1000     -10
1001     1
1002     -4
1003     -23
1004     1
1005     -13
1006     -8
1007     6
1008     -17
1009     -10
1010     -17
1011     4
1012     2
1013     0
1014     -13
1015     -8
1016     -8
1017     -26
1018     12
1019     -3
1020     3
1021     -5
1022     -18
1023     -4
1024     -12
1025     -11
1026     -18
1027     -9
1028     -9
1029     -13
1030     -8
1031     -7
1032     14
1033     -13
1034     -19
1035     -6
1036     1
1037     18
1038     11
1039     -4
1040     -11
1041     -6
1042     -12
1043     -10
1044     -16
1045     1
1046     -11
1047     -20
1048     6
1049     8
1050     13
1051     0
1052     -1
1053     -5
1054     16
1055     16
1056     15
1057     23
1058     -1
1059     -4
1060     7
1061     13
1062     14
1063     8
1064     -15
1065     -8
1066     -16
1067     -5
1068     -2
1069     12
1070     15
1071     -15
1072     -6
1073     -11
1074     -16
1075     12
1076     4
1077     7
1078     22
1079     -1
1080     -21
1081     -5
1082     -6
1083     5
1084     12
1085     -9
1086     3
1087     -5
1088     6
1089     8
1090     8
1091     -11
1092     -5
1093     16
1094     -1
1095     -5
1096     14
1097     -2
1098     13
1099     0
1100     -18
1101     -10
1102     16
1103     5
1104     -6
1105     9
1106     -6
1107     -1
1108     -11
1109     -13
1110     -14
1111     1
1112     -17
1113     12
1114     -11
1115     10
1116     22
1117     15
1118     -7
1119     -29
1120     20
1121     -9
1122     -6
1123     -2
1124     -4
1125     13
1126     3
1127     -13
1128     -12
1129     -3
1130     4
1131     6
1132     8
1133     -13
1134     1
1135     6
1136     14
1137     19
1138     -14
1139     -12
1140     19
1141     -14
1142     11
1143     26
1144     1
1145     -16
1146     -18
1147     -7
1148     -11
1149     7
1150     -14
1151     14
1152     8
1153     13
1154     18
1155     -15
1156     -1
1157     -14
1158     -18
1159     7
1160     8
1161     17
1162     25
1163     -10
1164     -15
1165     -5
1166     -14
1167     -2
1168     -2
1169     8
1170     -11
1171     0
1172     0
1173     -14
1174     -5
1175     -15
1176     -6
1177     -19
1178     -11
1179     -5
1180     6
1181     17
1182     15
1183     3
1184     -2
1185     5
1186     -9
1187     -13
1188     -4
1189     2
1190     9
1191     19
1192     -10
1193     -6
1194     20
1195     -18
1196     -11
1197     -4
1198     3
1199     19
1200     10
1201     10
1202     -16
1203     9
1204     -7
1205     -8
1206     -10
1207     -6
1208     -7
1209     2
1210     20
1211     0
1212     10
1213     2
1214     -13
1215     -1
1216     -4
1217     -21
1218     -8
1219     -20
1220     5
1221     -8
1222     -12
1223     19
1224     -7
1225     -20
1226     -17
1227     -6
1228     -18
1229     7
1230     2
1231     6
1232     -9
1233     -23
1234     17
1235     18
1236     23
1237     -9
1238     -19
1239     9
1240     -7
1241     -5
1242     -2
1243     -14
1244     -8
1245     -18
1246     6
1247     20
1248     3
1249     -17
1250     -22
1251     1
1252     -5
1253     18
1254     21
1255     9
1256     3
1257     -12
1258     -1
1259     3
1260     0
1261     16
1262     13
1263     -16
1264     4
1265     7
1266     0
1267     -15
1268     -2
1269     -5
1270     3
1271     12
1272     6
1273     21
1274     16
1275     6
1276     -7
1277     11
1278     6
1279     -13
1280     16
1281     14
1282     -17
1283     9
1284     -13
1285     -10
1286     15
1287     10
1288     -13
1289     -13
1290     -5
1291     5
1292     -12
1293     -21
1294     20
1295     -11
1296     -4
1297     -4
1298     -6
1299     -2
1300     -8
1301     1
1302     -16
1303     14
1304     -9
1305     -19
1306     17
1307     -15
1308     4
1309     25
1310     -6
1311     4
1312     -12
1313     10
1314     3
1315     -2
1316     -11
1317     -25
1318     18
1319     -10
1320     7
1321     18
1322     0
1323     15
1324     0
1325     7
1326     18
1327     4
1328     -20
1329     8
1330     17
1331     2
1332     4
1333     3
1334     8
1335     8
1336     -9
1337     18
1338     20
1339     -1
1340     11
1341     2
1342     16
1343     -8
1344     -1
1345     7
1346     -17
1347     -6
1348     3
1349     -5
1350     5
1351     -12
1352     14
1353     -9
1354     2
1355     16
1356     -8
1357     -13
1358     -18
1359     16
1360     4
1361     -4
1362     13
1363     3
1364     11
1365     5
1366     -16
1367     16
1368     -8
1369     9
1370     26
1371     -1
1372     1
1373     8
1374     19
1375     21
1376     3
1377     -19
1378     -17
1379     -18
1380     11
1381     -11
1382     -9
1383     18
1384     -11
1385     8
1386     -9
1387     9
1388     3
1389     4
1390     20
1391     0
1392     -13
1393     1
1394     -1
1395     14
1396     13
1397     6
1398     28
1399     -6
1400     0
1401     6
1402     -3
1403     15
1404     -3
1405     -5
1406     12
1407     -15
1408     -8
1409     -1
1410     -17
1411     -17
1412     -4
1413     16
1414     9
1415     17
1416     -5
1417     -26
1418     14
1419     5
1420     -18
1421     10
1422     -15
1423     5
1424     20
1425     6
1426     7
1427     -17
1428     19
1429     13
1430     -6
1431     -4
1432     -2
1433     13
1434     5
1435     16
1436     3
1437     -15
1438     -8
1439     5
1440     -6
1441     -23
1442     9
1443     13
1444     2
1445     19
1446     5
1447     -4
1448     -9
1449     -2
1450     8
1451     -4
1452     2
1453     20
1454     8
1455     -18
1456     -13
1457     -8
1458     4
1459     21
1460     16
1461     -12
1462     -19
1463     -12
1464     8
1465     17
1466     9
1467     -11
1468     3
1469     16
1470     17
1471     -7
1472     5
1473     15
1474     -19
1475     -20
1476     4
1477     22
1478     -1
1479     2
1480     5
1481     7
1482     -5
1483     10
1484     6
1485     -24
1486     9
1487     2
1488     -21
1489     1
1490     -8
1491     -20
1492     6
1493     6
1494     -16
1495     9
1496     9
1497     -18
1498     -6
1499     -19
1500     -17
1501     -9
1502     -15
1503     -10
1504     8
1505     18
1506     3
1507     -2
1508     7
1509     16
1510     -15
1511     -18
1512     -21
1513     7
1514     11
1515     -3
1516     8
1517     -6
1518     17
1519     5
1520     14
1521     19
1522     -10
1523     -17
1524     -10
1525     5
1526     17
1527     5
1528     -5
1529     3
1530     17
1531     -13
1532     0
1533     -11
1534     5
1535     20
1536     -21
1537     -5
1538     -1
1539     -1
1540     -18
1541     -19
1542     -17
1543     -1
1544     11
1545     -20
1546     8
1547     8
1548     -8
1549     13
1550     -11
1551     -4
1552     11
1553     -4
1554     -6
1555     -9
1556     16
1557     15
1558     -15
1559     4
1560     -10
1561     14
1562     7
1563     9
1564     -9
1565     -24
1566     3
1567     -5
1568     -10
1569     -8
1570     19
1571     22
1572     -8
1573     -13
1574     -4
1575     -11
1576     9
1577     12
1578     -18
1579     12
1580     -3
1581     -25
1582     0
1583     4
1584     20
1585     5
1586     -15
1587     -14
1588     -17
1589     12
1590     18
1591     -10
1592     16
1593     -11
1594     12
1595     19
1596     -10
1597     17
1598     15
1599     -5
1600     -2
1601     19
1602     5
1603     10
1604     -16
1605     10
1606     14
1607     11
1608     22
1609     -4
1610     2
1611     -6
1612     9
1613     13
1614     -9
1615     7
1616     17
1617     8
1618     3
1619     -18
1620     -14
1621     7
1622     -3
1623     14
1624     16
1625     -9
1626     -8
1627     -12
1628     -10
1629     13
1630     4
1631     -13
1632     -16
1633     14
1634     -2
1635     -13
1636     21
1637     -9
1638     -17
1639     -7
1640     1
1641     -18
1642     2
1643     17
1644     11
1645     8
1646     -10
1647     13
1648     10
1649     9
1650     3
1651     -13
1652     -10
1653     15
1654     14
1655     -11
1656     9
1657     7
1658     -18
1659     -4
1660     -10
1661     15
1662     5
1663     -18
1664     -18
1665     -11
1666     6
1667     -13
1668     5
1669     16
1670     1
1671     17
1672     -3
1673     -19
1674     16
1675     -7
1676     -2
1677     14
1678     -17
1679     -18
1680     -10
1681     11
1682     17
1683     -5
1684     -9
1685     13
1686     3
1687     -15
1688     -6
1689     -12
1690     -19
1691     -1
1692     -3
1693     -19
1694     -11
1695     17
1696     -11
1697     -6
1698     25
1699     -11
1700     14
1701     11
1702     -8
1703     2
1704     -15
1705     -8
1706     7
1707     4
1708     -14
1709     -14
1710     -8
1711     -7
1712     -4
1713     6
1714     22
1715     -1
1716     11
1717     7
1718     -6
1719     -9
1720     -7
1721     3
1722     18
1723     22
1724     -17
1725     14
1726     7
1727     -4
1728     24
1729     -5
1730     -6
1731     9
1732     -12
1733     -3
1734     17
1735     17
1736     15
1737     -5
1738     -13
1739     -3
1740     -7
1741     13
1742     22
1743     9
1744     -10
1745     -24
1746     -9
1747     18
1748     5
1749     -6
1750     6
1751     5
1752     -7
1753     -16
1754     17
1755     13
1756     10
1757     19
1758     -14
1759     -15
1760     -17
1761     -20
1762     2
1763     6
1764     17
1765     -3
1766     -19
1767     12
1768     9
1769     8
1770     16
1771     -19
1772     12
1773     21
1774     4
1775     14
1776     -16
1777     -11
1778     -12
1779     -1
1780     -17
1781     -14
1782     15
1783     -12
1784     6
1785     -14
1786     -1
1787     11
1788     -12
1789     0
1790     3
1791     -6
1792     -6
1793     -13
1794     4
1795     16
1796     -10
1797     -14
1798     -5
1799     -13
1800     11
1801     17
1802     15
1803     -11
1804     3
1805     -6
1806     -27
1807     13
1808     7
1809     -11
1810     -2
1811     5
1812     -19
1813     14
1814     26
1815     6
1816     2
1817     13
1818     -8
1819     -2
1820     8
1821     -8
1822     -6
1823     -15
1824     8
1825     23
1826     -10
1827     2
1828     8
1829     17
1830     22
1831     -2
1832     12
1833     21
1834     1
1835     -17
1836     9
1837     -7
1838     2
1839     -2
1840     -7
1841     15
1842     -13
1843     -8
1844     -2
1845     1
1846     11
1847     8
1848     21
1849     18
1850     -15
1851     -18
1852     -5
1853     9
1854     0
1855     16
1856     8
1857     9
1858     22
1859     17
1860     19
1861     3
1862     -3
1863     11
1864     20
1865     -10
1866     1
1867     6
1868     9
1869     12
1870     8
1871     11
1872     8
1873     3
1874     -12
1875     -11
1876     5
1877     -9
1878     10
1879     -15
1880     5
1881     17
1882     -20
1883     11
1884     -14
1885     -6
1886     -12
1887     -1
1888     25
1889     -8
1890     -7
1891     9
1892     20
1893     12
1894     -3
1895     -22
1896     10
1897     -9
1898     -17
1899     9
1900     8
1901     6
1902     -17
1903     5
1904     -12
1905     -13
1906     -7
1907     -1
1908     13
1909     5
1910     -3
1911     2
1912     -6
1913     7
1914     12
1915     1
1916     6
1917     -17
1918     -2
1919     10
1920     -11
1921     9
1922     7
1923     15
1924     15
1925     2
1926     16
1927     -11
1928     -5
1929     -4
1930     -15
1931     -2
1932     9
1933     16
1934     2
1935     0
1936     9
1937     5
1938     -9
1939     4
1940     17
1941     16
1942     -4
1943     8
1944     20
1945     -12
1946     -13
1947     -9
1948     13
1949     -6
1950     -12
1951     -12
1952     7
1953     4
1954     7
1955     23
1956     -4
1957     -4
1958     9
1959     -8
1960     0
1961     18
1962     14
1963     13
1964     -4
1965     8
1966     14
1967     20
1968     18
1969     -16
1970     11
1971     19
1972     -21
1973     -1
1974     -9
1975     1
1976     21
1977     -5
1978     10
1979     17
1980     20
1981     -13
1982     -26
1983     -12
1984     -6
1985     -16
1986     -15
1987     12
1988     13
1989     -16
1990     -2
1991     11
1992     -10
1993     -1
1994     -11
1995     8
1996     2
1997     -5
1998     15
1999     -9
2000     -13
2001     -10
2002     -6
2003     -7
2004     -1
2005     -3
2006     -3
2007     -9
2008     -2
2009     -7
2010     -14
2011     9
2012     7
2013     -11
2014     8
2015     8
2016     6
2017     8
2018     -2
2019     1
2020     9
2021     8
2022     -13
2023     3
2024     -1
2025     -23
2026     -4
2027     9
2028     17
2029     21
2030     -13
2031     -2
2032     5
2033     -19
2034     -4
2035     1
2036     12
2037     -10
2038     -15
2039     12
2040     11
2041     18
2042     -9
2043     -7
2044     2
2045     4
2046     -6
2047     -8
2048     12
2049     2
2050     9
2051     -12
2052     -22
2053     15
2054     17
2055     13
2056     -12
2057     -11
2058     8
2059     -20
2060     3
2061     23
2062     -6
2063     10
2064     -10
2065     -8
2066     14
2067     -1
2068     17
2069     0
2070     -23
2071     14
2072     9
2073     -11
2074     -6
2075     -5
2076     -18
2077     10
2078     3
2079     -15
2080     14
2081     -14
2082     -24
2083     15
2084     1
2085     -19
2086     15
2087     4
2088     8
2089     5
2090     10
2091     15
2092     20
2093     -11
2094     7
2095     16
2096     5
2097     17
2098     9
2099     13
2100     11
2101     7
2102     0
2103     -16
2104     -21
2105     15
2106     -15
2107     6
2108     1
2109     -5
2110     14
2111     3
2112     16
2113     15
2114     4
2115     7
2116     -4
2117     -9
2118     -1
2119     -4
2120     -8
2121     6
2122     18
2123     -12
2124     -23
2125     10
2126     20
2127     -3
2128     10
2129     -14
2130     10
2131     -2
2132     -21
2133     1
2134     14
2135     13
2136     -21
2137     -5
2138     12
2139     4
2140     4
2141     14
2142     12
2143     -4
2144     -10
2145     -14
2146     6
2147     9
2148     9
2149     14
2150     -5
2151     -17
2152     3
2153     23
2154     17
2155     13
2156     -10
2157     4
2158     3
2159     -13
2160     16
2161     -13
2162     -1
2163     4
2164     2
2165     18
2166     6
2167     -12
2168     12
2169     9
2170     -17
2171     -11
2172     3
2173     -14
2174     -5
2175     22
2176     -18
2177     -3
2178     6
2179     4
2180     14
2181     -5
2182     2
2183     -1
2184     -7
2185     -1
2186     -11
2187     13
2188     -2
2189     -19
2190     -13
2191     15
2192     19
2193     -5
2194     -6
2195     18
2196     -16
2197     3
2198     19
2199     10
2200     4
2201     -21
2202     15
2203     -10
2204     3
2205     -3
