1     5
2     -21
3     9
4     -9
5     -5
6     -7
7     -15
8     -14
9     -18
10     -19
11     -10
12     13
13     -10
14     -1
15     -6
16     -13
17     -15
18     -3
19     9
20     9
21     -4
22     -2
23     25
24     4
25     -15
26     -3
27     -6
28     -6
29     18
30     -18
31     5
32     3
33     -19
34     -7
35     -4
36     -11
37     -3
38     -3
39     -2
40     11
41     -20
42     5
43     29
44     -7
45     8
46     3
47     -3
48     6
49     -16
50     13
51     0
52     -9
53     2
54     14
55     -3
56     3
57     -3
58     -25
59     -16
60     -20
61     -18
62     -14
63     18
64     -1
65     -6
66     -8
67     2
68     11
69     -5
70     -10
71     -1
72     10
73     -24
74     -2
75     10
76     6
77     17
78     10
79     21
80     -7
81     -6
82     7
83     16
84     6
85     1
86     4
87     -16
88     -16
89     -5
90     21
91     -12
92     4
93     -3
94     -3
95     5
96     -12
97     5
98     -13
99     -6
100     1
101     -14
102     -11
103     11
104     24
105     1
106     1
107     13
108     24
109     -5
110     2
111     5
112     -27
113     -12
114     -26
115     6
116     -1
117     -14
118     11
119     2
120     3
121     -11
122     3
123     11
124     -3
125     -3
126     -6
127     -8
128     5
129     -3
130     0
131     3
132     -3
133     26
134     0
135     8
136     14
137     12
138     14
139     -3
140     25
141     0
142     12
143     9
144     -19
145     -14
146     -10
147     -16
148     -2
149     2
150     -14
151     1
152     -22
153     3
154     20
155     -10
156     16
157     -8
158     2
159     10
160     -19
161     -2
162     11
163     2
164     -14
165     12
166     13
167     -13
168     -4
169     -6
170     2
171     1
172     -4
173     10
174     13
175     11
176     1
177     23
178     1
179     -5
180     24
181     -6
182     -7
183     -1
184     -7
185     -5
186     10
187     24
188     14
189     -10
190     -19
191     5
192     6
193     2
194     6
195     -13
196     0
197     20
198     4
199     2
200     17
201     6
202     -10
203     -9
204     16
205     -1
206     -16
207     18
208     -1
209     0
210     17
211     -5
212     -14
213     6
214     10
215     -14
216     8
217     11
218     -22
219     -4
220     -13
221     -7
222     3
223     6
224     9
225     6
226     -18
227     1
228     18
229     -1
230     -14
231     -5
232     16
233     -8
234     -4
235     -21
236     9
237     1
238     -8
239     11
240     -5
241     23
242     -12
243     1
244     21
245     8
246     13
247     5
248     16
249     -2
250     -2
251     -19
252     2
253     14
254     -12
255     -17
256     -9
257     19
258     8
259     0
260     3
261     3
262     -24
263     -3
264     8
265     4
266     -17
267     -9
268     -11
269     -19
270     11
271     19
272     22
273     8
274     7
275     -5
276     7
277     -4
278     0
279     26
280     -15
281     9
282     9
283     -3
284     9
285     5
286     18
287     12
288     13
289     6
290     -17
291     0
292     7
293     1
294     10
295     -7
296     -18
297     -16
298     0
299     13
300     5
301     11
302     -8
303     3
304     26
305     -7
306     3
307     5
308     6
309     14
310     -6
311     17
312     9
313     15
314     10
315     13
316     0
317     -13
318     -10
319     -11
320     -9
321     1
322     8
323     0
324     -2
325     4
326     -9
327     -6
328     3
329     -5
330     21
331     -10
332     -1
333     -6
334     -2
335     25
336     -11
337     -10
338     17
339     14
340     12
341     -10
342     -16
343     22
344     -5
345     1
346     11
347     -11
348     10
349     2
350     -4
351     6
352     -12
353     -12
354     -4
355     12
356     22
357     -13
358     -14
359     11
360     16
361     21
362     -11
363     -10
364     3
365     -3
366     14
367     19
368     13
369     8
370     -1
371     -15
372     -4
373     19
374     -9
375     -9
376     13
377     -9
378     -4
379     -1
380     -8
381     -1
382     12
383     6
384     -14
385     -16
386     -6
387     -1
388     -5
389     4
390     1
391     -15
392     -16
393     -10
394     6
395     -8
396     -21
397     -1
398     -16
399     -13
400     16
401     12
402     14
403     3
404     9
405     -7
406     10
407     0
408     -9
409     17
410     -6
411     14
412     9
413     3
414     17
415     19
416     -9
417     -19
418     -2
419     3
420     -6
421     2
422     -10
423     -2
424     10
425     -4
426     -11
427     10
428     1
429     -23
430     -13
431     -19
432     14
433     15
434     4
435     17
436     17
437     4
438     -5
439     6
440     -5
441     -10
442     13
443     -4
444     -19
445     -3
446     -1
447     -7
448     13
449     2
450     10
451     -5
452     -20
453     18
454     -18
455     7
456     19
457     -16
458     -4
459     -20
460     -14
461     -7
462     9
463     9
464     -10
465     17
466     -5
467     -6
468     -8
469     -20
470     2
471     2
472     -10
473     -19
474     -6
475     2
476     -16
477     -3
478     5
479     -23
480     10
481     13
482     0
483     2
484     11
485     -6
486     -20
487     -5
488     -23
489     9
490     -4
491     7
492     -7
493     -2
494     0
495     -8
496     26
497     -9
498     11
499     12
500     18
501     21
502     -2
503     17
504     -10
505     -8
506     1
507     -2
508     1
509     8
510     -5
511     -12
512     15
513     -17
514     -19
515     -18
516     -22
517     0
518     2
519     21
520     -12
521     1
522     5
523     -24
524     -15
525     -6
526     1
527     -24
528     4
529     -15
530     4
531     21
532     11
533     14
534     18
535     8
536     12
537     8
538     13
539     -4
540     -23
541     17
542     -3
543     9
544     28
545     -9
546     -22
547     0
548     -10
549     -11
550     -14
551     13
552     -7
553     -24
554     -13
555     -24
556     -5
557     9
558     -6
559     -21
560     11
561     -3
562     -21
563     19
564     0
565     -6
566     21
567     -12
568     -5
569     -12
570     9
571     3
572     -16
573     17
574     -18
575     -2
576     -5
577     -19
578     11
579     -4
580     -9
581     -12
582     -12
583     3
584     19
585     -1
586     12
587     10
588     0
589     11
590     -19
591     9
592     19
593     -13
594     -14
595     11
596     14
597     5
598     6
599     9
600     2
601     -24
602     7
603     5
604     14
605     -1
606     -24
607     2
608     -15
609     8
610     11
611     -4
612     -4
613     -21
614     -14
615     -17
616     6
617     18
618     -20
619     5
620     -13
621     10
622     -8
623     3
624     6
625     -29
626     11
627     -18
628     -1
629     22
630     -8
631     -5
632     -2
633     12
634     12
635     -17
636     -1
637     14
638     -7
639     -2
640     25
641     -13
642     -7
643     -7
644     -22
645     -1
646     5
647     21
648     -9
649     -10
650     17
651     -9
652     -17
653     19
654     -12
655     -9
656     16
657     1
658     11
659     -6
660     10
661     -2
662     -8
663     14
664     -16
665     5
666     18
667     -4
668     -16
669     -2
670     6
671     -14
672     -20
673     12
674     5
675     -16
676     10
677     13
678     6
679     17
680     25
681     0
682     8
683     9
684     -20
685     -11
686     13
687     18
688     23
689     -9
690     3
691     28
692     -11
693     -7
694     12
695     -16
696     -3
697     18
698     0
699     15
700     11
701     17
702     -9
703     2
704     -1
705     3
706     9
707     6
708     28
709     2
710     7
711     6
712     16
713     23
714     -2
715     16
716     3
717     -1
718     8
719     -6
720     18
721     19
722     21
723     9
724     -10
725     -6
726     15
727     16
728     10
729     12
730     -11
731     -9
732     -16
733     -5
734     7
735     8
736     6
737     7
738     -9
739     -3
740     8
741     -7
742     2
743     22
744     -10
745     -5
746     2
747     -25
748     16
749     9
750     14
751     13
752     -19
753     8
754     16
755     -9
756     10
757     -6
758     -18
759     16
760     -9
761     -8
762     -3
763     -10
764     -11
765     -4
766     25
767     -16
768     9
769     5
770     -25
771     17
772     14
773     16
774     -8
775     0
776     4
777     -19
778     -14
779     12
780     8
781     -20
782     -5
783     21
784     -1
785     -14
786     14
787     -8
788     -1
789     13
790     12
791     16
792     3
793     18
794     16
795     7
796     16
797     11
798     7
799     -9
800     -3
801     0
802     9
803     0
804     16
805     0
806     2
807     5
808     1
809     17
810     -22
811     10
812     -4
813     -15
814     9
815     7
816     -1
817     -25
818     16
819     -4
820     3
821     17
822     -15
823     6
824     2
825     1
826     -10
827     -6
828     10
829     16
830     1
831     -11
832     1
833     5
834     11
835     -15
836     -6
837     2
838     7
839     3
840     -18
841     7
842     18
843     10
844     14
845     18
846     -16
847     -6
848     7
849     -11
850     -8
851     -7
852     -2
853     13
854     -9
855     5
856     9
857     -22
858     -8
859     11
860     7
861     -5
862     3
863     -14
864     11
865     3
866     -26
867     5
868     14
869     14
870     -13
871     -24
872     -16
873     -24
874     15
875     -9
876     -15
877     -11
878     4
879     25
880     8
881     3
882     -16
883     18
884     4
885     1
886     3
887     5
888     21
889     -1
890     4
891     3
892     10
893     15
894     -5
895     -19
896     -11
897     -9
898     -18
899     -27
900     11
901     0
902     -16
903     -11
904     -9
905     15
906     12
907     25
908     7
909     -3
910     19
911     5
912     0
913     -14
914     7
915     -6
916     -16
917     -6
918     7
919     13
920     -1
921     16
922     14
923     -10
924     -22
925     12
926     15
927     7
928     10
929     19
930     -8
931     3
932     6
933     -4
934     12
935     -16
936     10
937     8
938     -20
939     -8
940     9
941     23
942     -5
943     2
944     6
945     -4
946     -15
947     -6
948     9
949     7
950     13
951     -15
952     1
953     -5
954     -17
955     12
956     -5
957     9
958     1
959     -23
960     7
961     21
962     15
963     -10
964     -3
965     5
966     9
967     22
968     -1
969     -11
970     14
971     -1
972     7
973     16
974     -15
975     1
976     -1
977     -5
978     7
979     17
980     -8
981     1
982     5
983     -26
984     10
985     1
986     -19
987     -6
988     -10
989     14
990     14
991     -5
992     3
993     -16
994     -10
995     -12
996     -11
997     18
998     -13
999     -21
1000     -16
1001     -3
1002     11
1003     -15
1004     -5
1005     -13
1006     -7
1007     -2
1008     8
1009     -10
1010     -1
1011     11
1012     -7
1013     8
1014     -8
1015     14
1016     17
1017     -17
1018     -5
1019     1
1020     13
1021     -7
1022     5
1023     10
1024     4
1025     21
1026     -9
1027     -3
1028     14
1029     17
1030     2
1031     -23
1032     4
1033     21
1034     4
1035     -1
1036     4
1037     1
1038     -11
1039     9
1040     -5
1041     -2
1042     -8
1043     -22
1044     -11
1045     -24
1046     3
1047     -2
1048     9
1049     11
1050     -8
1051     10
1052     2
1053     3
1054     -6
1055     4
1056     13
1057     -7
1058     8
1059     -12
1060     -18
1061     6
1062     -3
1063     -20
1064     9
1065     11
1066     11
1067     20
1068     -15
1069     -8
1070     2
1071     17
1072     21
1073     17
1074     19
1075     -13
1076     -7
1077     -6
1078     -10
1079     20
1080     -1
1081     12
1082     17
1083     -19
1084     10
1085     8
1086     2
1087     -11
1088     -4
1089     -8
1090     0
1091     0
1092     -4
1093     -8
1094     -7
1095     -2
1096     7
1097     8
1098     -22
1099     -1
1100     -6
1101     -16
1102     1
1103     -8
1104     -17
1105     8
1106     15
1107     -1
1108     -1
1109     2
1110     -21
1111     11
1112     -12
1113     5
1114     -6
1115     2
1116     4
1117     -6
1118     8
1119     -9
1120     -13
1121     2
1122     14
1123     10
1124     -5
1125     -6
1126     8
1127     -10
1128     -19
1129     -3
1130     -4
1131     -25
1132     -10
1133     -17
1134     3
1135     -7
1136     4
1137     11
1138     12
1139     -7
1140     -13
1141     1
1142     5
1143     15
1144     12
1145     -7
1146     5
1147     14
1148     -24
1149     -13
1150     -10
1151     -2
1152     -4
1153     -11
1154     9
1155     5
1156     13
1157     22
1158     19
1159     5
1160     20
1161     -5
1162     -16
1163     8
1164     -6
1165     1
1166     -13
1167     -3
1168     -14
1169     5
1170     7
1171     -10
1172     10
1173     -14
1174     4
1175     -13
1176     4
1177     27
1178     0
1179     -18
1180     -5
1181     15
1182     17
1183     4
1184     -6
1185     1
1186     -23
1187     7
1188     8
1189     6
1190     17
1191     -18
1192     7
1193     10
1194     5
1195     7
1196     -18
1197     0
1198     -4
1199     7
1200     9
1201     -14
1202     -6
1203     -5
1204     5
1205     -9
1206     -21
1207     15
1208     0
1209     -6
1210     12
1211     -17
1212     0
1213     -9
1214     -28
1215     -7
1216     2
1217     -6
1218     8
1219     14
1220     2
1221     18
1222     -3
1223     10
1224     0
1225     -4
1226     6
1227     -8
1228     16
1229     -2
1230     16
1231     -4
1232     -1
1233     15
1234     1
1235     3
1236     15
1237     -10
1238     -9
1239     9
1240     11
1241     5
1242     -12
1243     11
1244     5
1245     -3
1246     -7
1247     -5
1248     -12
1249     -4
1250     -18
1251     15
1252     3
1253     7
1254     -6
1255     -10
1256     32
1257     -18
1258     7
1259     3
1260     2
1261     -12
1262     -6
1263     26
1264     7
1265     6
1266     15
1267     8
1268     -8
1269     13
1270     12
1271     -11
1272     -25
1273     6
1274     8
1275     -26
1276     16
1277     -5
1278     -14
1279     -4
1280     -18
1281     -4
1282     -15
1283     -6
1284     14
1285     11
1286     -13
1287     6
1288     5
1289     -19
1290     -1
1291     2
1292     -12
1293     10
1294     6
1295     12
1296     0
1297     0
1298     -1
1299     8
1300     26
1301     -9
1302     -2
1303     3
1304     6
1305     -15
1306     -2
1307     -1
1308     9
1309     14
1310     11
1311     22
1312     13
1313     9
1314     -2
1315     -6
1316     -11
1317     0
1318     0
1319     -3
1320     -19
1321     -12
1322     -13
1323     0
1324     2
1325     3
1326     -5
1327     7
1328     14
1329     7
1330     11
1331     -4
1332     -9
1333     -17
1334     14
1335     18
1336     -18
1337     3
1338     4
1339     -2
1340     -7
1341     -21
1342     10
1343     -11
1344     -18
1345     16
1346     2
1347     -5
1348     4
1349     -10
1350     6
1351     4
1352     -19
1353     -11
1354     12
1355     9
1356     -15
1357     3
1358     -5
1359     -9
1360     7
1361     -1
1362     4
1363     12
1364     9
1365     -24
1366     11
1367     -5
1368     -15
1369     -2
1370     -18
1371     6
1372     3
1373     8
1374     22
1375     -11
1376     11
1377     -5
1378     -5
1379     -1
1380     -15
1381     5
1382     -14
1383     13
1384     2
1385     -16
1386     3
1387     13
1388     13
1389     7
1390     -5
1391     -9
1392     5
1393     21
1394     6
1395     -9
1396     8
1397     -7
1398     -28
1399     14
1400     7
1401     -22
1402     2
1403     -1
1404     -20
1405     -18
1406     3
1407     -15
1408     2
1409     -2
1410     -21
1411     -7
1412     4
1413     0
1414     -5
1415     22
1416     -13
1417     -6
1418     9
1419     5
1420     -13
1421     -7
1422     5
1423     11
1424     19
1425     -17
1426     12
1427     3
1428     16
1429     -3
1430     -9
1431     15
1432     8
1433     25
1434     -18
1435     15
1436     1
1437     -12
1438     13
1439     -19
1440     10
1441     15
1442     -21
1443     -4
1444     14
1445     12
1446     -6
1447     -21
1448     5
1449     8
1450     -20
1451     3
1452     29
1453     -9
1454     6
1455     25
1456     1
1457     -7
1458     -10
1459     1
1460     -13
1461     5
1462     9
1463     14
1464     -7
1465     -17
1466     -16
1467     -1
1468     -2
1469     -13
1470     -7
1471     4
1472     9
1473     3
1474     19
1475     15
1476     19
1477     -7
1478     12
1479     12
1480     -4
1481     19
1482     -11
1483     -10
1484     2
1485     -12
1486     -6
1487     -15
1488     10
1489     -5
1490     -24
1491     -17
1492     -17
1493     -21
1494     3
1495     19
1496     6
1497     12
1498     -14
1499     0
1500     16
1501     -11
1502     11
1503     9
1504     -4
1505     12
1506     0
1507     6
1508     -5
1509     -12
1510     2
1511     6
1512     15
1513     -1
1514     -20
1515     -1
1516     5
1517     3
1518     -2
1519     9
1520     9
1521     14
1522     4
1523     9
1524     2
1525     -27
1526     15
1527     12
1528     -7
1529     13
1530     -5
1531     7
1532     9
1533     -14
1534     14
1535     16
1536     8
1537     -1
1538     5
1539     1
1540     1
1541     14
1542     15
1543     11
1544     -14
1545     15
1546     -4
1547     -20
1548     -19
1549     -2
1550     0
1551     -15
1552     20
1553     0
1554     -3
1555     -12
1556     4
1557     12
1558     14
1559     0
1560     5
1561     8
1562     4
1563     -9
1564     -9
1565     12
1566     11
1567     14
1568     -11
1569     7
1570     -2
1571     -18
1572     12
1573     -12
1574     -10
1575     -2
1576     -13
1577     14
1578     -12
1579     -17
1580     -2
1581     -3
1582     17
1583     -1
1584     1
1585     18
1586     -9
1587     -13
1588     -20
1589     -19
1590     0
1591     -3
1592     8
1593     -2
1594     -10
1595     -8
1596     -12
1597     -12
1598     10
1599     14
1600     15
1601     14
1602     19
1603     -6
1604     -3
1605     20
1606     1
1607     -3
1608     -11
1609     18
1610     -5
1611     5
1612     17
1613     2
1614     14
1615     4
1616     -5
1617     2
1618     1
1619     12
1620     -5
1621     6
1622     3
1623     1
1624     10
1625     -1
1626     21
1627     19
1628     13
1629     14
1630     -2
1631     -15
1632     -20
1633     11
1634     -9
1635     -3
1636     21
1637     -19
1638     -17
1639     -20
1640     -14
1641     4
1642     8
1643     -6
1644     5
1645     -16
1646     5
1647     14
1648     6
1649     -6
1650     4
1651     -13
1652     2
1653     5
1654     2
1655     20
1656     -7
1657     5
1658     -18
1659     15
1660     -5
1661     -18
1662     -16
1663     -8
1664     8
1665     -10
1666     -9
1667     -22
1668     2
1669     14
1670     10
1671     -8
1672     -15
1673     -19
1674     -9
1675     -5
1676     -2
1677     12
1678     14
1679     6
1680     -9
1681     20
1682     -1
1683     -15
1684     4
1685     -11
1686     4
1687     12
1688     14
1689     -3
1690     -7
1691     17
1692     4
1693     -11
1694     5
1695     3
1696     -19
1697     -12
1698     -11
1699     -7
1700     -2
1701     -10
1702     -10
1703     14
1704     3
1705     1
1706     3
1707     -17
1708     -8
1709     -9
1710     19
1711     -8
1712     0
1713     11
1714     -2
1715     16
1716     -10
1717     -21
1718     9
1719     21
1720     1
1721     -14
1722     -25
1723     10
1724     18
1725     -10
1726     -22
1727     11
1728     5
1729     -17
1730     14
1731     -8
1732     17
1733     -13
1734     4
1735     7
1736     -33
1737     20
1738     -10
1739     10
1740     -9
1741     -5
1742     24
1743     -6
1744     -14
1745     -6
1746     -11
1747     -19
1748     -8
1749     3
1750     -9
1751     -15
1752     12
1753     13
1754     10
1755     -18
1756     -5
1757     -14
1758     -18
1759     -10
1760     1
1761     25
1762     -3
1763     -11
1764     19
1765     -10
1766     -3
1767     20
1768     -13
1769     13
1770     10
1771     -13
1772     1
1773     9
1774     -13
1775     13
1776     0
1777     11
1778     15
1779     5
1780     15
1781     0
1782     -2
1783     -4
1784     21
1785     -12
1786     8
1787     -3
1788     -3
1789     -5
1790     -1
1791     -3
1792     2
1793     15
1794     4
1795     14
1796     7
1797     -1
1798     -2
1799     22
1800     14
1801     13
1802     -2
1803     2
1804     -12
1805     0
1806     -5
1807     -6
1808     6
1809     -9
1810     -13
1811     -28
1812     0
1813     -15
1814     7
1815     -5
1816     -17
1817     -3
1818     3
1819     9
1820     3
1821     1
1822     -17
1823     -11
1824     16
1825     -3
1826     -5
1827     18
1828     14
1829     16
1830     -1
1831     12
1832     -10
1833     -18
1834     -6
1835     -10
1836     -20
1837     -2
1838     9
1839     8
1840     -11
1841     -2
1842     -3
1843     3
1844     -1
1845     -14
1846     9
1847     11
1848     8
1849     -7
1850     12
1851     -13
1852     12
1853     1
1854     -19
1855     -7
1856     -13
1857     -20
1858     1
1859     8
1860     -6
1861     16
1862     17
1863     6
1864     8
1865     17
1866     8
1867     -8
1868     -4
1869     0
1870     -11
1871     -16
1872     -4
1873     22
1874     -12
1875     -7
1876     17
1877     4
1878     -1
1879     -13
1880     -21
1881     -6
1882     -10
1883     -12
1884     9
1885     8
1886     -6
1887     -13
1888     -21
1889     -3
1890     14
1891     21
1892     7
1893     4
1894     15
1895     -14
1896     -16
1897     -19
1898     -10
1899     9
1900     -11
1901     -11
1902     15
1903     -1
1904     17
1905     -7
1906     -1
1907     30
1908     -12
1909     -3
1910     20
1911     -2
1912     -16
1913     -9
1914     13
1915     1
1916     -12
1917     0
1918     -17
1919     -15
1920     7
1921     6
1922     -7
1923     -1
1924     15
1925     -8
1926     -23
1927     -1
1928     8
1929     -4
1930     -15
1931     -3
1932     8
1933     9
1934     -13
1935     -4
1936     2
1937     8
1938     -1
1939     -7
1940     -4
1941     -7
1942     9
1943     6
1944     10
1945     9
1946     3
1947     15
1948     24
1949     1
1950     13
1951     10
1952     8
1953     4
1954     1
1955     14
1956     -15
1957     -20
1958     -7
1959     1
1960     -21
1961     11
1962     10
1963     -16
1964     11
1965     -17
1966     7
1967     -11
1968     7
1969     14
1970     -6
1971     13
1972     -18
1973     -5
1974     5
1975     17
1976     11
1977     15
1978     -12
1979     -1
1980     17
1981     -10
1982     -8
1983     -3
1984     11
1985     -18
1986     0
1987     12
1988     9
1989     13
1990     -4
1991     -2
1992     -3
1993     9
1994     7
1995     -17
1996     -4
1997     -1
1998     15
1999     -11
2000     -1
2001     4
2002     -11
2003     10
2004     9
2005     -15
2006     5
2007     7
2008     -28
2009     0
2010     -9
2011     8
2012     12
2013     15
2014     14
2015     7
2016     10
2017     19
2018     -9
2019     -11
2020     25
2021     -1
2022     8
2023     -12
2024     -12
2025     -10
2026     -19
2027     -8
2028     8
2029     4
2030     0
2031     1
2032     -2
2033     12
2034     4
2035     19
2036     4
2037     1
2038     4
2039     11
2040     18
2041     -7
2042     -20
2043     1
2044     -11
2045     -18
2046     14
2047     7
2048     -4
2049     4
2050     8
2051     6
2052     -11
2053     -9
2054     -11
2055     -24
2056     1
2057     0
2058     8
2059     6
2060     14
2061     12
2062     -2
2063     3
2064     -15
2065     4
2066     19
2067     11
2068     15
2069     2
2070     15
2071     20
2072     12
2073     -3
2074     0
2075     7
2076     -20
2077     -6
2078     -17
2079     3
2080     -7
2081     -17
2082     13
2083     18
2084     15
2085     -8
2086     -3
2087     16
2088     -8
2089     1
2090     11
2091     -28
2092     12
2093     -3
2094     -8
2095     18
2096     -18
2097     -4
2098     1
2099     16
2100     8
2101     -15
2102     -22
2103     -4
2104     -5
2105     -23
2106     12
2107     16
2108     9
2109     -4
2110     -15
2111     -13
2112     6
2113     -3
2114     4
2115     15
2116     -17
2117     -15
2118     9
2119     0
2120     -13
2121     -9
2122     14
2123     5
2124     5
2125     9
2126     17
2127     5
2128     5
2129     10
2130     -25
2131     9
2132     2
2133     -2
2134     17
2135     5
2136     -20
2137     3
2138     26
2139     -18
2140     11
2141     1
2142     -11
2143     25
2144     -13
2145     2
2146     11
2147     8
2148     11
2149     -3
2150     -7
2151     -22
2152     10
2153     7
2154     4
2155     3
2156     -2
2157     7
2158     0
2159     -12
2160     -19
2161     -12
2162     -12
2163     -23
2164     1
2165     13
2166     13
2167     10
2168     3
2169     21
2170     -17
2171     -4
2172     -6
2173     -17
2174     24
2175     -14
2176     -6
2177     -8
2178     -11
2179     2
2180     -9
2181     12
2182     -2
2183     1
2184     -4
2185     -2
2186     11
2187     22
2188     4
2189     5
2190     10
2191     1
2192     -5
2193     7
2194     2
2195     -2
2196     24
2197     -18
2198     8
2199     -4
2200     -21
2201     -1
2202     9
2203     -9
2204     -21
2205     -9
