1     -12
2     12
3     10
4     -12
5     16
6     17
7     8
8     -14
9     6
10     14
11     4
12     -8
13     -6
14     7
15     4
16     -17
17     -8
18     16
19     -3
20     -1
21     10
22     -1
23     -9
24     5
25     1
26     0
27     6
28     20
29     15
30     0
31     -3
32     1
33     12
34     2
35     24
36     -3
37     0
38     -1
39     -10
40     23
41     15
42     15
43     18
44     16
45     21
46     6
47     -21
48     -10
49     13
50     -2
51     -12
52     -24
53     -9
54     2
55     -13
56     -8
57     -16
58     11
59     15
60     7
61     12
62     7
63     -15
64     7
65     15
66     18
67     17
68     9
69     10
70     -1
71     -2
72     -5
73     -10
74     2
75     18
76     -29
77     -5
78     14
79     0
80     1
81     -18
82     18
83     -9
84     -18
85     -21
86     -14
87     1
88     -8
89     5
90     -14
91     -15
92     26
93     10
94     6
95     8
96     -19
97     -23
98     -7
99     -1
100     -19
101     -13
102     -8
103     -16
104     -9
105     15
106     18
107     -16
108     9
109     8
110     -12
111     10
112     -13
113     -2
114     -12
115     -6
116     -1
117     14
118     -8
119     -11
120     9
121     -27
122     -7
123     3
124     -15
125     10
126     1
127     -15
128     14
129     -16
130     -7
131     -9
132     -6
133     -5
134     6
135     12
136     -10
137     -11
138     -4
139     13
140     -17
141     12
142     2
143     3
144     20
145     7
146     20
147     15
148     -5
149     -2
150     2
151     -25
152     19
153     5
154     -11
155     6
156     -6
157     19
158     18
159     1
160     -4
161     20
162     8
163     9
164     6
165     20
166     11
167     -7
168     3
169     25
170     11
171     -13
172     -4
173     -14
174     -11
175     -7
176     15
177     11
178     -5
179     -16
180     -16
181     10
182     5
183     -18
184     -12
185     -10
186     0
187     -4
188     -8
189     7
190     11
191     21
192     -7
193     -17
194     4
195     7
196     -15
197     -7
198     19
199     16
200     -1
201     -2
202     4
203     -19
204     0
205     -8
206     -12
207     -10
208     -1
209     -4
210     -5
211     2
212     -19
213     20
214     6
215     0
216     -7
217     -5
218     4
219     -5
220     24
221     10
222     21
223     17
224     3
225     -12
226     -12
227     22
228     13
229     -16
230     -13
231     12
232     14
233     -8
234     -18
235     19
236     6
237     6
238     -4
239     -9
240     3
241     -3
242     -18
243     -9
244     8
245     -20
246     -13
247     -12
248     7
249     -29
250     -5
251     12
252     -18
253     -7
254     -7
255     10
256     0
257     -21
258     -20
259     -4
260     -9
261     -6
262     7
263     -3
264     8
265     -1
266     0
267     -11
268     -21
269     1
270     0
271     15
272     17
273     -10
274     -20
275     -6
276     -11
277     -4
278     -2
279     -8
280     0
281     21
282     10
283     4
284     8
285     14
286     4
287     -7
288     9
289     -12
290     17
291     7
292     8
293     22
294     -5
295     -16
296     -19
297     5
298     11
299     -14
300     -4
301     15
302     1
303     -13
304     10
305     1
306     -9
307     -1
308     -5
309     4
310     14
311     0
312     -14
313     10
314     9
315     8
316     11
317     7
318     -8
319     -21
320     12
321     5
322     -19
323     -3
324     7
325     5
326     -9
327     0
328     3
329     0
330     -20
331     -18
332     -18
333     -16
334     19
335     -19
336     -7
337     12
338     -22
339     11
340     1
341     13
342     10
343     -13
344     19
345     -10
346     -4
347     12
348     15
349     4
350     -2
351     -20
352     5
353     10
354     -17
355     -12
356     -18
357     -7
358     -20
359     -12
360     13
361     7
362     -10
363     -6
364     1
365     -2
366     -10
367     -11
368     -23
369     -19
370     20
371     14
372     1
373     9
374     -9
375     -9
376     13
377     -14
378     -11
379     -5
380     -19
381     -10
382     -1
383     14
384     -10
385     10
386     15
387     7
388     6
389     -1
390     0
391     24
392     1
393     -17
394     20
395     -13
396     6
397     -21
398     -4
399     12
400     -13
401     17
402     -12
403     -10
404     2
405     12
406     -15
407     3
408     1
409     -17
410     4
411     -19
412     7
413     16
414     -4
415     8
416     16
417     -18
418     -13
419     -22
420     -9
421     17
422     9
423     11
424     -19
425     -2
426     14
427     21
428     15
429     -1
430     12
431     14
432     -7
433     -13
434     13
435     -12
436     4
437     9
438     3
439     13
440     -14
441     9
442     -9
443     -12
444     6
445     8
446     16
447     -11
448     -3
449     -2
450     -8
451     -5
452     -21
453     -11
454     0
455     12
456     -4
457     5
458     7
459     -17
460     -2
461     7
462     -16
463     -1
464     -7
465     -14
466     -11
467     0
468     12
469     -17
470     2
471     3
472     16
473     16
474     19
475     -6
476     -15
477     6
478     -10
479     8
480     18
481     5
482     16
483     4
484     -6
485     2
486     -23
487     8
488     8
489     -12
490     -18
491     -9
492     -13
493     -7
494     17
495     -15
496     -1
497     -7
498     -8
499     -13
500     1
501     -14
502     -5
503     7
504     -2
505     17
506     -4
507     7
508     -3
509     21
510     17
511     -15
512     -14
513     -9
514     -20
515     10
516     9
517     -2
518     4
519     1
520     16
521     9
522     11
523     16
524     11
525     -6
526     15
527     4
528     -5
529     -10
530     2
531     10
532     -17
533     1
534     6
535     2
536     9
537     -8
538     -18
539     -22
540     -6
541     -19
542     -12
543     13
544     -8
545     -15
546     -12
547     -15
548     -14
549     0
550     -12
551     18
552     19
553     0
554     5
555     -6
556     -2
557     18
558     -13
559     -10
560     -5
561     -12
562     -8
563     -15
564     21
565     17
566     -2
567     -10
568     -1
569     8
570     4
571     -1
572     22
573     -6
574     -16
575     -3
576     -10
577     11
578     24
579     13
580     8
581     13
582     -2
583     -8
584     -11
585     -19
586     -15
587     20
588     9
589     -21
590     -17
591     -7
592     -5
593     -10
594     -14
595     7
596     -1
597     -14
598     -15
599     -9
600     -6
601     16
602     16
603     -16
604     -14
605     -13
606     -1
607     -12
608     2
609     4
610     -2
611     -3
612     -18
613     1
614     -4
615     -4
616     14
617     5
618     -12
619     3
620     -6
621     -10
622     -2
623     -19
624     -7
625     -7
626     -4
627     2
628     -1
629     -8
630     -18
631     -15
632     -5
633     0
634     13
635     -4
636     8
637     -5
638     -13
639     13
640     0
641     -7
642     14
643     10
644     -11
645     17
646     10
647     -3
648     -10
649     15
650     9
651     -14
652     -4
653     -4
654     -7
655     -10
656     20
657     0
658     -4
659     14
660     -21
661     -5
662     -4
663     3
664     -16
665     18
666     10
667     -9
668     -1
669     -18
670     5
671     -16
672     -5
673     -24
674     -6
675     -3
676     -14
677     -17
678     -13
679     9
680     -22
681     24
682     16
683     26
684     12
685     8
686     9
687     -15
688     -2
689     -13
690     17
691     -20
692     -17
693     17
694     9
695     -5
696     -1
697     -2
698     -18
699     -7
700     16
701     4
702     -2
703     -7
704     -4
705     0
706     -9
707     5
708     1
709     -15
710     12
711     -14
712     -17
713     5
714     -2
715     -16
716     -1
717     15
718     19
719     10
720     -20
721     -9
722     -2
723     -8
724     -10
725     14
726     -14
727     -2
728     15
729     -23
730     0
731     14
732     -11
733     -4
734     -12
735     -8
736     14
737     17
738     9
739     -20
740     17
741     11
742     -4
743     14
744     -4
745     4
746     -21
747     -17
748     -7
749     -17
750     -7
751     6
752     2
753     6
754     17
755     -19
756     -4
757     14
758     6
759     8
760     -8
761     8
762     -17
763     -14
764     -14
765     -7
766     12
767     -1
768     5
769     19
770     2
771     -10
772     1
773     -12
774     21
775     -6
776     -14
777     -14
778     -6
779     8
780     8
781     10
782     -8
783     -15
784     -2
785     7
786     -16
787     16
788     -13
789     -16
790     2
791     21
792     13
793     -19
794     -1
795     20
796     6
797     -9
798     -7
799     3
800     9
801     -10
802     -16
803     -14
804     -10
805     -11
806     18
807     11
808     -1
809     -9
810     26
811     7
812     -6
813     11
814     -6
815     13
816     -18
817     0
818     -13
819     11
820     12
821     3
822     -3
823     -16
824     22
825     -7
826     8
827     -3
828     -10
829     -11
830     -1
831     20
832     3
833     1
834     -17
835     14
836     -7
837     4
838     9
839     -7
840     14
841     -8
842     19
843     -2
844     -2
845     12
846     11
847     17
848     0
849     -1
850     19
851     15
852     13
853     2
854     -11
855     -2
856     -14
857     -9
858     -6
859     12
860     10
861     -5
862     -5
863     4
864     9
865     7
866     -12
867     2
868     -11
869     -11
870     1
871     -21
872     6
873     -8
874     -7
875     -12
876     -5
877     15
878     -19
879     22
880     16
881     21
882     14
883     -21
884     -17
885     15
886     9
887     -18
888     11
889     -10
890     -14
891     -15
892     18
893     6
894     -17
895     -8
896     3
897     13
898     -17
899     15
900     11
901     -19
902     -17
903     -11
904     -9
905     -14
906     6
907     -17
908     0
909     16
910     -3
911     8
912     2
913     -12
914     7
915     15
916     -10
917     5
918     -16
919     -3
920     -16
921     -15
922     13
923     -2
924     -11
925     -8
926     -2
927     -5
928     9
929     18
930     14
931     -12
932     3
933     8
934     -6
935     10
936     0
937     -18
938     -20
939     0
940     1
941     -9
942     1
943     -1
944     11
945     -21
946     -15
947     -18
948     23
949     3
950     -14
951     14
952     -23
953     -7
954     -5
955     -3
956     -9
957     8
958     1
959     -1
960     7
961     13
962     5
963     2
964     14
965     6
966     13
967     16
968     6
969     -8
970     2
971     -9
972     -9
973     8
974     -20
975     -8
976     18
977     -3
978     -5
979     17
980     6
981     -10
982     3
983     -5
984     -1
985     -21
986     -3
987     -8
988     -3
989     7
990     -22
991     23
992     -2
993     -10
994     10
995     -7
996     -11
997     9
998     -10
999     -11
1000     7
1001     5
1002     15
1003     6
1004     3
1005     -17
1006     -8
1007     -17
1008     -7
1009     -8
1010     -6
1011     1
1012     -8
1013     -4
1014     10
1015     6
1016     -15
1017     8
1018     4
1019     -17
1020     -9
1021     10
1022     2
1023     -6
1024     6
1025     5
1026     1
1027     -11
1028     -13
1029     18
1030     10
1031     -1
1032     21
1033     0
1034     -13
1035     17
1036     10
1037     -15
1038     0
1039     -8
1040     -13
1041     12
1042     -15
1043     -8
1044     1
1045     -4
1046     18
1047     -27
1048     4
1049     0
1050     2
1051     10
1052     -4
1053     13
1054     -18
1055     1
1056     -6
1057     -1
1058     14
1059     -2
1060     6
1061     13
1062     -13
1063     -3
1064     -21
1065     -7
1066     22
1067     13
1068     2
1069     -9
1070     -17
1071     -13
1072     -5
1073     3
1074     -29
1075     -10
1076     -1
1077     -13
1078     15
1079     -12
1080     24
1081     19
1082     11
1083     15
1084     12
1085     12
1086     -14
1087     -8
1088     0
1089     18
1090     7
1091     7
1092     -3
1093     -14
1094     21
1095     23
1096     10
1097     -18
1098     5
1099     7
1100     5
1101     -5
1102     -13
1103     2
1104     -5
1105     20
1106     3
1107     0
1108     2
1109     -3
1110     -12
1111     5
1112     15
1113     5
1114     17
1115     6
1116     14
1117     7
1118     8
1119     -6
1120     -6
1121     3
1122     -4
1123     -2
1124     -1
1125     -1
1126     -15
1127     -10
1128     1
1129     -23
1130     -7
1131     11
1132     20
1133     -6
1134     -14
1135     5
1136     -19
1137     5
1138     8
1139     4
1140     -15
1141     2
1142     20
1143     22
1144     18
1145     -17
1146     -13
1147     5
1148     11
1149     17
1150     -12
1151     -12
1152     19
1153     17
1154     6
1155     1
1156     15
1157     -4
1158     9
1159     12
1160     -8
1161     -4
1162     7
1163     -20
1164     -9
1165     19
1166     -19
1167     21
1168     10
1169     -19
1170     21
1171     4
1172     2
1173     7
1174     7
1175     -7
1176     -10
1177     -11
1178     12
1179     5
1180     12
1181     6
1182     -16
1183     8
1184     7
1185     11
1186     -15
1187     -7
1188     9
1189     3
1190     -20
1191     -15
1192     -4
1193     -7
1194     0
1195     14
1196     -2
1197     -8
1198     10
1199     -27
1200     -5
1201     16
1202     -11
1203     -5
1204     9
1205     6
1206     8
1207     9
1208     4
1209     12
1210     4
1211     13
1212     4
1213     10
1214     17
1215     12
1216     3
1217     -3
1218     -15
1219     10
1220     5
1221     -18
1222     -15
1223     -9
1224     15
1225     -7
1226     -1
1227     -16
1228     -2
1229     -11
1230     23
1231     9
1232     -3
1233     14
1234     -19
1235     11
1236     14
1237     8
1238     -15
1239     1
1240     -11
1241     15
1242     9
1243     -21
1244     -3
1245     -22
1246     13
1247     12
1248     -6
1249     -6
1250     -17
1251     -20
1252     0
1253     11
1254     -18
1255     -3
1256     15
1257     17
1258     18
1259     16
1260     -9
1261     -13
1262     12
1263     -10
1264     14
1265     1
1266     -6
1267     -14
1268     -7
1269     13
1270     -19
1271     8
1272     15
1273     17
1274     8
1275     0
1276     -7
1277     18
1278     -4
1279     2
1280     12
1281     -15
1282     -18
1283     -16
1284     -3
1285     -6
1286     12
1287     -22
1288     -15
1289     11
1290     18
1291     14
1292     4
1293     2
1294     -8
1295     -10
1296     -4
1297     11
1298     14
1299     -19
1300     -10
1301     8
1302     -18
1303     -2
1304     -3
1305     -5
1306     -14
1307     -2
1308     11
1309     -6
1310     17
1311     -8
1312     5
1313     -15
1314     0
1315     14
1316     11
1317     11
1318     -14
1319     6
1320     -1
1321     12
1322     4
1323     -9
1324     -5
1325     15
1326     -15
1327     -13
1328     -11
1329     7
1330     -14
1331     -2
1332     -4
1333     -15
1334     17
1335     -19
1336     -5
1337     21
1338     5
1339     -4
1340     24
1341     -10
1342     -11
1343     9
1344     1
1345     17
1346     1
1347     10
1348     -4
1349     3
1350     -9
1351     -12
1352     21
1353     9
1354     0
1355     18
1356     -4
1357     0
1358     15
1359     -25
1360     -1
1361     6
1362     -7
1363     8
1364     16
1365     -8
1366     1
1367     2
1368     13
1369     0
1370     -6
1371     14
1372     -10
1373     18
1374     5
1375     -10
1376     -3
1377     1
1378     9
1379     -5
1380     -6
1381     17
1382     12
1383     16
1384     -8
1385     -4
1386     21
1387     -6
1388     -5
1389     -3
1390     6
1391     8
1392     -14
1393     -12
1394     6
1395     -4
1396     21
1397     10
1398     -11
1399     21
1400     20
1401     -8
1402     -14
1403     8
1404     -20
1405     -13
1406     -14
1407     -11
1408     -23
1409     -15
1410     -11
1411     -10
1412     3
1413     8
1414     -3
1415     -5
1416     16
1417     4
1418     8
1419     -8
1420     19
1421     10
1422     2
1423     -2
1424     -16
1425     9
1426     6
1427     -10
1428     12
1429     -8
1430     7
1431     17
1432     -8
1433     18
1434     -6
1435     2
1436     12
1437     -1
1438     -9
1439     -10
1440     20
1441     17
1442     -5
1443     8
1444     8
1445     18
1446     16
1447     4
1448     2
1449     0
1450     11
1451     -18
1452     -8
1453     -2
1454     -20
1455     -8
1456     -9
1457     5
1458     8
1459     10
1460     13
1461     -7
1462     -2
1463     18
1464     6
1465     2
1466     -2
1467     -18
1468     10
1469     13
1470     1
1471     -22
1472     -7
1473     21
1474     10
1475     -14
1476     3
1477     -3
1478     -14
1479     13
1480     0
1481     10
1482     11
1483     7
1484     5
1485     -19
1486     9
1487     9
1488     -16
1489     -25
1490     -9
1491     13
1492     -14
1493     22
1494     6
1495     17
1496     -9
1497     -14
1498     8
1499     -1
1500     -2
1501     -8
1502     17
1503     7
1504     9
1505     11
1506     4
1507     -12
1508     1
1509     -1
1510     -23
1511     -9
1512     10
1513     12
1514     0
1515     -4
1516     17
1517     -7
1518     -20
1519     -3
1520     -4
1521     -4
1522     1
1523     -11
1524     13
1525     7
1526     -5
1527     -5
1528     -12
1529     5
1530     8
1531     5
1532     10
1533     2
1534     12
1535     13
1536     -17
1537     11
1538     9
1539     -8
1540     -6
1541     5
1542     15
1543     -9
1544     -12
1545     19
1546     9
1547     -2
1548     8
1549     -15
1550     -21
1551     -18
1552     10
1553     14
1554     19
1555     1
1556     -9
1557     2
1558     -17
1559     0
1560     16
1561     -25
1562     1
1563     5
1564     -13
1565     7
1566     -13
1567     7
1568     -7
1569     15
1570     17
1571     -10
1572     1
1573     3
1574     3
1575     0
1576     10
1577     13
1578     10
1579     8
1580     -22
1581     -12
1582     -14
1583     11
1584     11
1585     18
1586     10
1587     -11
1588     14
1589     16
1590     12
1591     4
1592     3
1593     -13
1594     12
1595     4
1596     16
1597     -16
1598     -11
1599     10
1600     10
1601     11
1602     -24
1603     -5
1604     11
1605     -15
1606     -18
1607     10
1608     0
1609     -21
1610     -1
1611     -5
1612     14
1613     -16
1614     -12
1615     16
1616     -14
1617     0
1618     -6
1619     -5
1620     2
1621     15
1622     -5
1623     14
1624     12
1625     -10
1626     11
1627     10
1628     4
1629     -15
1630     -14
1631     4
1632     19
1633     15
1634     1
1635     -23
1636     -6
1637     16
1638     -4
1639     11
1640     3
1641     -21
1642     8
1643     8
1644     -2
1645     -15
1646     -13
1647     -23
1648     -14
1649     9
1650     4
1651     8
1652     -8
1653     -2
1654     3
1655     -17
1656     5
1657     3
1658     -9
1659     13
1660     13
1661     12
1662     -17
1663     11
1664     -2
1665     -14
1666     -5
1667     -18
1668     -16
1669     -19
1670     -1
1671     -24
1672     -13
1673     11
1674     9
1675     21
1676     -2
1677     -8
1678     20
1679     19
1680     13
1681     12
1682     2
1683     -6
1684     -2
1685     0
1686     4
1687     11
1688     8
1689     -8
1690     -1
1691     4
1692     4
1693     8
1694     7
1695     -16
1696     -7
1697     2
1698     -1
1699     6
1700     -23
1701     4
1702     -4
1703     -9
1704     21
1705     1
1706     20
1707     8
1708     -9
1709     -6
1710     -7
1711     19
1712     10
1713     -11
1714     -19
1715     -17
1716     16
1717     10
1718     11
1719     13
1720     11
1721     6
1722     -5
1723     11
1724     -22
1725     -12
1726     4
1727     -4
1728     11
1729     17
1730     -19
1731     -15
1732     -10
1733     -12
1734     10
1735     -4
1736     -2
1737     -5
1738     -10
1739     -6
1740     14
1741     7
1742     18
1743     16
1744     -14
1745     -11
1746     1
1747     21
1748     20
1749     16
1750     -7
1751     10
1752     15
1753     -10
1754     -5
1755     -19
1756     11
1757     13
1758     -6
1759     18
1760     3
1761     -25
1762     -3
1763     8
1764     -19
1765     -19
1766     -8
1767     14
1768     -24
1769     -7
1770     18
1771     -2
1772     2
1773     6
1774     17
1775     15
1776     2
1777     -10
1778     2
1779     -8
1780     -11
1781     5
1782     -16
1783     -12
1784     -14
1785     -11
1786     4
1787     -6
1788     17
1789     17
1790     3
1791     -15
1792     14
1793     18
1794     -6
1795     -19
1796     -17
1797     -14
1798     -20
1799     -19
1800     -9
1801     -7
1802     -8
1803     3
1804     -12
1805     -17
1806     -4
1807     7
1808     0
1809     20
1810     19
1811     1
1812     0
1813     -3
1814     11
1815     -6
1816     8
1817     11
1818     -22
1819     -11
1820     -11
1821     -17
1822     -7
1823     -7
1824     10
1825     6
1826     12
1827     13
1828     -19
1829     -5
1830     20
1831     -2
1832     -1
1833     10
1834     -13
1835     12
1836     -12
1837     7
1838     -6
1839     -7
1840     5
1841     -18
1842     -13
1843     -4
1844     6
1845     -20
1846     -4
1847     -8
1848     -13
1849     -17
1850     11
1851     -22
1852     5
1853     10
1854     -8
1855     -5
1856     -13
1857     15
1858     -9
1859     17
1860     4
1861     6
1862     -2
1863     12
1864     -7
1865     -19
1866     -1
1867     13
1868     12
1869     -15
1870     16
1871     3
1872     -2
1873     13
1874     5
1875     -18
1876     13
1877     6
1878     3
1879     9
1880     -21
1881     -8
1882     12
1883     10
1884     6
1885     -12
1886     -2
1887     14
1888     -8
1889     13
1890     -25
1891     -1
1892     8
1893     -19
1894     24
1895     9
1896     5
1897     -20
1898     -12
1899     3
1900     9
1901     12
1902     4
1903     19
1904     -12
1905     -17
1906     13
1907     17
1908     -1
1909     5
1910     10
1911     9
1912     5
1913     3
1914     14
1915     11
1916     7
1917     -18
1918     -4
1919     13
1920     -6
1921     19
1922     10
1923     15
1924     6
1925     -14
1926     15
1927     19
1928     9
1929     21
1930     10
1931     -2
1932     15
1933     -15
1934     -3
1935     7
1936     2
1937     -24
1938     -12
1939     2
1940     2
1941     8
1942     -8
1943     11
1944     -7
1945     18
1946     10
1947     -18
1948     3
1949     -19
1950     -9
1951     13
1952     -14
1953     -2
1954     -13
1955     -2
1956     0
1957     2
1958     -8
1959     -16
1960     21
1961     -1
1962     -2
1963     7
1964     19
1965     10
1966     -18
1967     15
1968     2
1969     -13
1970     7
1971     5
1972     -1
1973     -20
1974     -5
1975     20
1976     -9
1977     -2
1978     -3
1979     -15
1980     5
1981     -14
1982     9
1983     17
1984     0
1985     -12
1986     -19
1987     -17
1988     -18
1989     3
1990     -19
1991     -9
1992     14
1993     -12
1994     4
1995     19
1996     7
1997     -2
1998     -15
1999     6
2000     -4
2001     -17
2002     16
2003     -14
2004     -7
2005     20
2006     7
2007     -19
2008     4
2009     13
2010     -6
2011     7
2012     4
2013     19
2014     10
2015     4
2016     -10
2017     7
2018     8
2019     -18
2020     5
2021     2
2022     -14
2023     8
2024     1
2025     -17
2026     -5
2027     -11
2028     1
2029     -13
2030     6
2031     12
2032     -10
2033     8
2034     -13
2035     9
2036     19
2037     7
2038     -2
2039     16
2040     -19
2041     -15
2042     -5
2043     -18
2044     9
2045     5
2046     -5
2047     -15
2048     14
2049     -11
2050     -6
2051     18
2052     2
2053     14
2054     -20
2055     -13
2056     3
2057     -18
2058     -8
2059     -12
2060     24
2061     17
2062     -14
2063     -12
2064     -13
2065     3
2066     17
2067     12
2068     -3
2069     13
2070     13
2071     -1
2072     17
2073     3
2074     -16
2075     -14
2076     19
2077     13
2078     22
2079     -9
2080     -7
2081     15
2082     3
2083     11
2084     0
2085     11
2086     -10
2087     7
2088     -5
2089     19
2090     3
2091     -11
2092     20
2093     5
2094     -12
2095     -6
2096     -12
2097     -1
2098     17
2099     -24
2100     -7
2101     7
2102     -9
2103     -17
2104     -14
2105     15
2106     -4
2107     -14
2108     16
2109     -4
2110     -13
2111     -10
2112     -6
2113     13
2114     -15
2115     -6
2116     23
2117     0
2118     0
2119     11
2120     -23
2121     -7
2122     -4
2123     -2
2124     7
2125     -8
2126     -11
2127     -5
2128     22
2129     2
2130     -4
2131     16
2132     12
2133     -2
2134     -9
2135     19
2136     19
2137     -10
2138     -20
2139     -11
2140     6
2141     7
2142     21
2143     16
2144     16
2145     0
2146     -16
2147     -6
2148     -3
2149     9
2150     -19
2151     -3
2152     22
2153     -2
2154     -10
2155     -7
2156     -4
2157     10
2158     -13
2159     3
2160     6
2161     3
2162     20
2163     4
2164     13
2165     8
2166     -1
2167     10
2168     -18
2169     3
2170     14
2171     -23
2172     -13
2173     8
2174     11
2175     13
2176     -23
2177     -13
2178     15
2179     17
2180     14
2181     9
2182     -18
2183     -8
2184     7
2185     8
2186     14
2187     -3
2188     24
2189     10
2190     -20
2191     -11
2192     23
2193     5
2194     -2
2195     9
2196     -14
2197     -4
2198     -10
2199     0
2200     -12
2201     1
2202     14
2203     -6
2204     -11
2205     -12
