1     -11
2     2
3     -26
4     -11
5     14
6     4
7     -22
8     -18
9     -9
10     -10
11     -8
12     -2
13     -9
14     6
15     -22
16     -6
17     -3
18     -13
19     3
20     -11
21     15
22     -3
23     9
24     21
25     -5
26     3
27     -7
28     7
29     4
30     -5
31     6
32     -17
33     -1
34     10
35     7
36     -2
37     -23
38     2
39     -2
40     -12
41     7
42     -20
43     20
44     8
45     -10
46     18
47     -26
48     -2
49     3
50     -8
51     -1
52     -15
53     -7
54     10
55     14
56     13
57     18
58     -5
59     25
60     -9
61     -3
62     6
63     -12
64     12
65     -16
66     3
67     -23
68     -16
69     17
70     7
71     0
72     -1
73     -9
74     -8
75     -18
76     -9
77     2
78     -13
79     2
80     1
81     -14
82     1
83     -13
84     3
85     17
86     1
87     11
88     10
89     21
90     1
91     -10
92     -7
93     -8
94     22
95     4
96     -17
97     19
98     3
99     -16
100     11
101     -24
102     -14
103     1
104     14
105     14
106     -15
107     3
108     1
109     12
110     0
111     -18
112     -8
113     -13
114     14
115     14
116     -2
117     0
118     24
119     4
120     -17
121     0
122     -11
123     -14
124     -7
125     7
126     -2
127     -12
128     1
129     3
130     -7
131     -17
132     0
133     9
134     2
135     -1
136     -2
137     -19
138     -10
139     12
140     20
141     10
142     -21
143     -17
144     5
145     12
146     -3
147     -27
148     -2
149     13
150     -24
151     3
152     12
153     12
154     -10
155     -8
156     4
157     -9
158     -6
159     2
160     -2
161     -17
162     14
163     3
164     -20
165     16
166     3
167     -2
168     20
169     13
170     -10
171     -2
172     10
173     -21
174     -1
175     15
176     2
177     19
178     10
179     6
180     11
181     4
182     -8
183     -9
184     10
185     9
186     -10
187     -13
188     14
189     15
190     6
191     -24
192     3
193     3
194     -2
195     0
196     -10
197     10
198     -18
199     -18
200     6
201     8
202     3
203     -14
204     -5
205     7
206     9
207     -16
208     -3
209     8
210     -1
211     8
212     -18
213     4
214     14
215     0
216     -8
217     9
218     10
219     15
220     10
221     -12
222     2
223     6
224     -26
225     0
226     -4
227     -12
228     15
229     -12
230     0
231     8
232     -1
233     7
234     -27
235     -6
236     8
237     5
238     8
239     -6
240     3
241     -16
242     15
243     16
244     6
245     12
246     14
247     7
248     -21
249     -2
250     15
251     2
252     2
253     2
254     -7
255     6
256     6
257     -13
258     23
259     3
260     -9
261     -8
262     -10
263     13
264     15
265     18
266     11
267     -23
268     -11
269     -4
270     -11
271     18
272     -23
273     -13
274     0
275     -12
276     2
277     0
278     -12
279     -10
280     -10
281     4
282     6
283     -15
284     -6
285     -17
286     -14
287     13
288     4
289     10
290     -13
291     -9
292     16
293     -25
294     -16
295     3
296     7
297     19
298     13
299     -1
300     3
301     -13
302     1
303     2
304     3
305     22
306     -7
307     -12
308     12
309     21
310     9
311     -17
312     7
313     -4
314     -9
315     25
316     11
317     9
318     8
319     14
320     -14
321     -12
322     -4
323     -4
324     -5
325     -11
326     -10
327     -14
328     10
329     23
330     12
331     -12
332     -4
333     4
334     -9
335     -1
336     9
337     15
338     14
339     -13
340     11
341     12
342     14
343     0
344     -5
345     20
346     -11
347     -18
348     -10
349     -12
350     29
351     7
352     -11
353     21
354     -17
355     -14
356     15
357     13
358     -3
359     -19
360     -14
361     7
362     -2
363     -14
364     14
365     15
366     4
367     22
368     4
369     -7
370     7
371     12
372     -4
373     -13
374     15
375     -17
376     -2
377     15
378     -18
379     -3
380     6
381     12
382     17
383     -1
384     0
385     10
386     18
387     15
388     2
389     3
390     9
391     -11
392     -7
393     2
394     -20
395     -5
396     7
397     21
398     -2
399     -5
400     -19
401     -6
402     7
403     -9
404     8
405     -13
406     -11
407     5
408     2
409     3
410     14
411     -16
412     -16
413     -16
414     -20
415     12
416     15
417     9
418     -2
419     -14
420     -15
421     3
422     15
423     12
424     -1
425     -9
426     14
427     4
428     -9
429     -4
430     28
431     10
432     -11
433     -3
434     -24
435     -11
436     19
437     15
438     15
439     11
440     -9
441     -3
442     -20
443     11
444     8
445     -17
446     -9
447     -22
448     5
449     9
450     -18
451     -13
452     -6
453     4
454     10
455     3
456     20
457     3
458     15
459     -10
460     -10
461     14
462     -1
463     10
464     -7
465     -9
466     10
467     0
468     4
469     16
470     12
471     4
472     -17
473     -5
474     7
475     10
476     11
477     8
478     -17
479     -26
480     -5
481     12
482     -1
483     18
484     7
485     -23
486     0
487     17
488     -17
489     -1
490     7
491     -15
492     -13
493     -4
494     -14
495     -12
496     19
497     -14
498     -4
499     -1
500     6
501     14
502     -26
503     -4
504     16
505     -8
506     -3
507     -18
508     -7
509     4
510     -20
511     -10
512     9
513     14
514     -5
515     3
516     -10
517     12
518     -3
519     -13
520     17
521     5
522     5
523     -7
524     -3
525     0
526     -18
527     -11
528     12
529     20
530     -7
531     -12
532     6
533     -14
534     -12
535     -19
536     -11
537     -15
538     -16
539     -5
540     8
541     -25
542     -3
543     14
544     -7
545     -13
546     -14
547     -5
548     -20
549     -1
550     0
551     13
552     21
553     -4
554     0
555     -6
556     -14
557     10
558     -24
559     9
560     4
561     -15
562     19
563     6
564     18
565     -14
566     -4
567     22
568     -2
569     -22
570     -6
571     -3
572     9
573     6
574     -18
575     26
576     11
577     -1
578     -8
579     -1
580     11
581     1
582     12
583     3
584     -2
585     -4
586     -3
587     1
588     1
589     -3
590     -3
591     -17
592     -2
593     -12
594     -5
595     14
596     -18
597     9
598     10
599     -19
600     -7
601     -15
602     4
603     -12
604     -11
605     21
606     3
607     6
608     19
609     2
610     -23
611     -16
612     -9
613     -13
614     -21
615     -6
616     3
617     -8
618     -14
619     -18
620     15
621     -13
622     -5
623     9
624     6
625     -7
626     -4
627     14
628     10
629     8
630     -16
631     5
632     -21
633     -11
634     11
635     1
636     7
637     14
638     -8
639     -19
640     -10
641     -1
642     11
643     -9
644     -15
645     -17
646     -10
647     12
648     -15
649     5
650     9
651     -13
652     6
653     -12
654     -6
655     -1
656     -18
657     -19
658     -5
659     13
660     13
661     15
662     8
663     11
664     1
665     -25
666     -11
667     9
668     -7
669     -3
670     7
671     5
672     4
673     -2
674     15
675     -2
676     -11
677     21
678     21
679     14
680     8
681     -5
682     0
683     1
684     19
685     7
686     -1
687     17
688     1
689     -6
690     3
691     14
692     -23
693     0
694     -6
695     1
696     4
697     -7
698     -3
699     0
700     16
701     -5
702     8
703     13
704     6
705     -2
706     -19
707     -3
708     11
709     -8
710     14
711     14
712     5
713     -12
714     -16
715     29
716     10
717     -20
718     -23
719     -9
720     19
721     3
722     -13
723     3
724     19
725     6
726     -3
727     -7
728     -1
729     20
730     7
731     -13
732     -22
733     -13
734     17
735     3
736     -8
737     17
738     -12
739     -3
740     -7
741     -11
742     12
743     -11
744     0
745     -11
746     -14
747     11
748     4
749     -14
750     -10
751     5
752     1
753     11
754     8
755     -15
756     12
757     -8
758     -14
759     16
760     7
761     -18
762     18
763     4
764     -5
765     3
766     -21
767     -11
768     -17
769     -21
770     -4
771     12
772     -20
773     5
774     -10
775     -9
776     -6
777     -16
778     -2
779     2
780     6
781     20
782     3
783     -8
784     8
785     -17
786     2
787     -7
788     0
789     -6
790     -20
791     -15
792     -7
793     2
794     2
795     7
796     10
797     3
798     7
799     -7
800     -10
801     16
802     11
803     -26
804     0
805     -4
806     -10
807     9
808     -9
809     25
810     18
811     6
812     -12
813     -4
814     17
815     0
816     -16
817     -8
818     -2
819     -28
820     -10
821     -2
822     12
823     5
824     -18
825     -6
826     -14
827     -2
828     12
829     4
830     -21
831     -13
832     -9
833     -7
834     9
835     -17
836     5
837     9
838     -8
839     9
840     2
841     2
842     -21
843     -19
844     5
845     12
846     -14
847     -4
848     25
849     12
850     -2
851     14
852     -10
853     -10
854     14
855     -15
856     0
857     -11
858     -14
859     3
860     -6
861     11
862     3
863     11
864     -6
865     -13
866     4
867     21
868     14
869     -15
870     -15
871     12
872     0
873     -9
874     9
875     -26
876     -5
877     -3
878     18
879     1
880     -6
881     15
882     0
883     -2
884     -10
885     12
886     2
887     -15
888     -5
889     -6
890     -2
891     5
892     -20
893     -2
894     -20
895     -5
896     16
897     -21
898     -14
899     11
900     -1
901     -4
902     14
903     12
904     17
905     18
906     7
907     -13
908     -7
909     -7
910     11
911     12
912     18
913     6
914     -11
915     20
916     -8
917     -10
918     9
919     7
920     6
921     17
922     1
923     -13
924     14
925     2
926     -11
927     19
928     -16
929     0
930     2
931     -6
932     6
933     -23
934     -7
935     16
936     -20
937     0
938     13
939     6
940     0
941     -14
942     2
943     -10
944     1
945     -13
946     6
947     9
948     15
949     19
950     19
951     15
952     13
953     -2
954     -8
955     -17
956     -12
957     17
958     -17
959     -1
960     -19
961     -3
962     3
963     -22
964     -12
965     -10
966     -6
967     -9
968     8
969     -17
970     -5
971     6
972     -7
973     -19
974     -7
975     12
976     9
977     3
978     -3
979     8
980     -20
981     -6
982     1
983     -22
984     -2
985     15
986     -2
987     6
988     -15
989     -6
990     3
991     2
992     3
993     -5
994     15
995     -4
996     7
997     -23
998     15
999     6
1000     -6
1001     23
1002     12
1003     16
1004     -1
1005     -4
1006     1
1007     -6
1008     8
1009     10
1010     -16
1011     -4
1012     0
1013     10
1014     12
1015     7
1016     1
1017     -21
1018     3
1019     20
1020     20
1021     16
1022     1
1023     22
1024     4
1025     -5
1026     12
1027     -4
1028     6
1029     2
1030     -9
1031     1
1032     13
1033     0
1034     -6
1035     -13
1036     -14
1037     10
1038     -2
1039     -22
1040     -13
1041     -17
1042     -5
1043     13
1044     -4
1045     10
1046     -7
1047     -12
1048     15
1049     -27
1050     -6
1051     17
1052     7
1053     -11
1054     -6
1055     -1
1056     5
1057     -10
1058     -8
1059     4
1060     -3
1061     14
1062     1
1063     15
1064     16
1065     5
1066     -18
1067     -13
1068     -10
1069     13
1070     15
1071     19
1072     15
1073     -5
1074     10
1075     -1
1076     -13
1077     -5
1078     -4
1079     -4
1080     23
1081     4
1082     -6
1083     -13
1084     -9
1085     -6
1086     -7
1087     12
1088     -2
1089     10
1090     -9
1091     12
1092     20
1093     13
1094     2
1095     -3
1096     26
1097     4
1098     -24
1099     -12
1100     20
1101     12
1102     1
1103     -11
1104     -12
1105     0
1106     -8
1107     -2
1108     4
1109     -18
1110     -2
1111     21
1112     13
1113     -3
1114     7
1115     16
1116     8
1117     14
1118     0
1119     7
1120     2
1121     18
1122     16
1123     16
1124     2
1125     -2
1126     1
1127     -1
1128     19
1129     -15
1130     -6
1131     -12
1132     9
1133     12
1134     -12
1135     -1
1136     1
1137     13
1138     -9
1139     -19
1140     -15
1141     -13
1142     -8
1143     -6
1144     -15
1145     -9
1146     14
1147     -6
1148     0
1149     13
1150     -4
1151     -9
1152     -5
1153     12
1154     -9
1155     2
1156     13
1157     -9
1158     -16
1159     1
1160     -7
1161     -1
1162     -2
1163     5
1164     -24
1165     -7
1166     11
1167     -21
1168     11
1169     15
1170     14
1171     14
1172     17
1173     -14
1174     4
1175     16
1176     1
1177     21
1178     -14
1179     -10
1180     11
1181     11
1182     14
1183     5
1184     -5
1185     17
1186     5
1187     -20
1188     1
1189     14
1190     11
1191     25
1192     -1
1193     -9
1194     0
1195     -15
1196     25
1197     -2
1198     -16
1199     -19
1200     -17
1201     -5
1202     9
1203     18
1204     -1
1205     0
1206     5
1207     4
1208     -7
1209     4
1210     -20
1211     -14
1212     7
1213     1
1214     22
1215     12
1216     -6
1217     1
1218     1
1219     8
1220     20
1221     13
1222     -13
1223     -6
1224     2
1225     0
1226     18
1227     3
1228     -15
1229     5
1230     -6
1231     3
1232     22
1233     9
1234     23
1235     -5
1236     -14
1237     -17
1238     -4
1239     7
1240     -14
1241     1
1242     13
1243     10
1244     -1
1245     15
1246     -14
1247     -19
1248     0
1249     -8
1250     -10
1251     5
1252     -16
1253     -8
1254     -1
1255     -13
1256     -17
1257     -4
1258     10
1259     4
1260     -1
1261     -22
1262     -2
1263     14
1264     -22
1265     -10
1266     18
1267     -13
1268     12
1269     5
1270     15
1271     12
1272     -18
1273     25
1274     5
1275     -7
1276     -9
1277     -16
1278     -11
1279     -15
1280     -15
1281     6
1282     17
1283     -8
1284     3
1285     12
1286     -14
1287     -2
1288     13
1289     22
1290     14
1291     -3
1292     -14
1293     -7
1294     1
1295     -10
1296     26
1297     3
1298     -4
1299     -5
1300     -10
1301     -10
1302     -20
1303     -4
1304     -25
1305     -3
1306     1
1307     14
1308     8
1309     -7
1310     11
1311     -7
1312     16
1313     22
1314     18
1315     11
1316     -6
1317     -8
1318     -11
1319     -4
1320     1
1321     -4
1322     4
1323     -8
1324     -17
1325     -3
1326     -4
1327     12
1328     16
1329     -3
1330     6
1331     6
1332     -15
1333     -11
1334     -3
1335     -21
1336     1
1337     -14
1338     0
1339     11
1340     -3
1341     7
1342     -16
1343     20
1344     -14
1345     -9
1346     9
1347     -4
1348     6
1349     -10
1350     -7
1351     -4
1352     11
1353     24
1354     5
1355     5
1356     13
1357     -1
1358     19
1359     9
1360     2
1361     -17
1362     -15
1363     15
1364     4
1365     -13
1366     2
1367     3
1368     10
1369     10
1370     -8
1371     1
1372     6
1373     11
1374     5
1375     0
1376     7
1377     4
1378     6
1379     18
1380     11
1381     -7
1382     -16
1383     -1
1384     -11
1385     -8
1386     16
1387     -14
1388     -13
1389     -19
1390     -21
1391     4
1392     -7
1393     -13
1394     -20
1395     -9
1396     6
1397     16
1398     5
1399     -6
1400     14
1401     -21
1402     -7
1403     -9
1404     3
1405     0
1406     -16
1407     -12
1408     11
1409     16
1410     15
1411     5
1412     -17
1413     -24
1414     -16
1415     -24
1416     -3
1417     11
1418     -19
1419     10
1420     -10
1421     18
1422     -2
1423     -7
1424     13
1425     -15
1426     7
1427     -11
1428     -5
1429     -1
1430     -19
1431     -14
1432     -10
1433     -21
1434     12
1435     4
1436     0
1437     15
1438     11
1439     12
1440     -10
1441     5
1442     8
1443     -3
1444     -12
1445     -16
1446     2
1447     11
1448     -15
1449     8
1450     -19
1451     -5
1452     4
1453     0
1454     12
1455     -17
1456     21
1457     6
1458     24
1459     11
1460     7
1461     11
1462     -15
1463     11
1464     -2
1465     3
1466     -12
1467     0
1468     -2
1469     -15
1470     8
1471     13
1472     3
1473     -2
1474     16
1475     10
1476     22
1477     16
1478     9
1479     13
1480     -10
1481     -8
1482     0
1483     -18
1484     -16
1485     -2
1486     -9
1487     -16
1488     -12
1489     -22
1490     9
1491     9
1492     -15
1493     8
1494     -23
1495     -3
1496     6
1497     4
1498     13
1499     -20
1500     18
1501     6
1502     -15
1503     -4
1504     -11
1505     -2
1506     -11
1507     19
1508     11
1509     11
1510     3
1511     -9
1512     24
1513     10
1514     -21
1515     -9
1516     -1
1517     -5
1518     11
1519     2
1520     -21
1521     -7
1522     16
1523     10
1524     0
1525     -14
1526     3
1527     12
1528     5
1529     10
1530     -3
1531     -2
1532     -18
1533     -5
1534     16
1535     14
1536     -1
1537     -10
1538     2
1539     21
1540     16
1541     -23
1542     -11
1543     19
1544     8
1545     11
1546     15
1547     -12
1548     -3
1549     20
1550     -5
1551     -14
1552     -12
1553     4
1554     14
1555     21
1556     -6
1557     -14
1558     25
1559     7
1560     -16
1561     -8
1562     -21
1563     -15
1564     -6
1565     6
1566     10
1567     0
1568     10
1569     8
1570     -3
1571     14
1572     4
1573     -6
1574     -7
1575     -11
1576     7
1577     -9
1578     0
1579     -18
1580     15
1581     4
1582     -7
1583     17
1584     4
1585     5
1586     -17
1587     -6
1588     -6
1589     -16
1590     -10
1591     14
1592     10
1593     9
1594     -6
1595     -11
1596     -5
1597     -10
1598     4
1599     -14
1600     14
1601     2
1602     -16
1603     6
1604     8
1605     12
1606     -8
1607     4
1608     0
1609     3
1610     19
1611     7
1612     7
1613     -9
1614     -10
1615     -15
1616     -21
1617     -19
1618     -9
1619     28
1620     -2
1621     -7
1622     12
1623     -9
1624     3
1625     -21
1626     -6
1627     23
1628     11
1629     14
1630     11
1631     15
1632     -12
1633     8
1634     7
1635     -12
1636     7
1637     -3
1638     26
1639     5
1640     -14
1641     -7
1642     -14
1643     -5
1644     5
1645     3
1646     9
1647     15
1648     -27
1649     -8
1650     -4
1651     -15
1652     -12
1653     5
1654     -12
1655     -8
1656     13
1657     -11
1658     8
1659     -6
1660     14
1661     10
1662     -4
1663     -18
1664     -5
1665     10
1666     21
1667     7
1668     -6
1669     -7
1670     -4
1671     20
1672     7
1673     -3
1674     -3
1675     -5
1676     -1
1677     5
1678     16
1679     -6
1680     -2
1681     -15
1682     -2
1683     7
1684     -13
1685     3
1686     -16
1687     2
1688     2
1689     9
1690     -25
1691     -8
1692     11
1693     11
1694     14
1695     -3
1696     19
1697     -1
1698     4
1699     -1
1700     9
1701     11
1702     -8
1703     -10
1704     3
1705     11
1706     6
1707     2
1708     7
1709     2
1710     -15
1711     0
1712     -9
1713     13
1714     22
1715     7
1716     -9
1717     12
1718     -17
1719     -6
1720     4
1721     -5
1722     -6
1723     -16
1724     2
1725     -18
1726     15
1727     -6
1728     -4
1729     4
1730     -11
1731     -8
1732     -22
1733     -13
1734     -10
1735     4
1736     -9
1737     9
1738     8
1739     -20
1740     -17
1741     -20
1742     5
1743     -1
1744     -10
1745     -15
1746     2
1747     18
1748     -2
1749     -10
1750     -5
1751     2
1752     -2
1753     6
1754     1
1755     -3
1756     -16
1757     -1
1758     8
1759     -17
1760     -13
1761     15
1762     5
1763     28
1764     -1
1765     -15
1766     2
1767     -2
1768     5
1769     4
1770     18
1771     -5
1772     16
1773     -19
1774     -8
1775     9
1776     -19
1777     -1
1778     -14
1779     6
1780     -5
1781     -10
1782     -11
1783     -9
1784     6
1785     -20
1786     18
1787     -1
1788     -5
1789     13
1790     -9
1791     26
1792     2
1793     -12
1794     -1
1795     -2
1796     6
1797     10
1798     -20
1799     -12
1800     -10
1801     -9
1802     17
1803     1
1804     13
1805     -28
1806     1
1807     14
1808     -21
1809     28
1810     8
1811     -13
1812     -21
1813     -11
1814     23
1815     -13
1816     -10
1817     13
1818     -5
1819     -15
1820     8
1821     0
1822     -14
1823     6
1824     17
1825     16
1826     -5
1827     -18
1828     -9
1829     3
1830     19
1831     -3
1832     -8
1833     -4
1834     -8
1835     14
1836     -18
1837     -8
1838     18
1839     -11
1840     -13
1841     21
1842     17
1843     12
1844     14
1845     -10
1846     3
1847     11
1848     21
1849     0
1850     -16
1851     2
1852     -10
1853     3
1854     14
1855     11
1856     -12
1857     7
1858     17
1859     7
1860     -16
1861     0
1862     8
1863     -17
1864     17
1865     -1
1866     14
1867     10
1868     -6
1869     22
1870     4
1871     -5
1872     -15
1873     -14
1874     -6
1875     -17
1876     -10
1877     -9
1878     13
1879     0
1880     6
1881     8
1882     -3
1883     20
1884     -8
1885     -4
1886     14
1887     8
1888     -11
1889     -10
1890     -9
1891     -16
1892     0
1893     5
1894     -4
1895     -19
1896     -15
1897     -19
1898     -11
1899     -1
1900     -28
1901     2
1902     13
1903     -16
1904     6
1905     5
1906     11
1907     17
1908     5
1909     6
1910     17
1911     25
1912     9
1913     -24
1914     -16
1915     6
1916     13
1917     -10
1918     0
1919     -1
1920     -13
1921     -23
1922     -1
1923     13
1924     -8
1925     3
1926     -22
1927     -16
1928     -3
1929     -24
1930     -5
1931     15
1932     -1
1933     -11
1934     -12
1935     5
1936     19
1937     10
1938     -12
1939     -19
1940     -17
1941     -16
1942     -17
1943     7
1944     8
1945     9
1946     3
1947     -2
1948     20
1949     10
1950     6
1951     6
1952     3
1953     -14
1954     5
1955     0
1956     -7
1957     8
1958     14
1959     13
1960     20
1961     -1
1962     -19
1963     -8
1964     -9
1965     -4
1966     11
1967     6
1968     -21
1969     5
1970     10
1971     15
1972     -16
1973     -10
1974     22
1975     13
1976     8
1977     -9
1978     -5
1979     -6
1980     -13
1981     0
1982     9
1983     15
1984     5
1985     -20
1986     6
1987     8
1988     -25
1989     -8
1990     12
1991     3
1992     -15
1993     0
1994     3
1995     -7
1996     20
1997     -7
1998     -7
1999     9
2000     -6
2001     5
2002     4
2003     22
2004     -7
2005     -12
2006     16
2007     -10
2008     9
2009     23
2010     11
2011     -17
2012     0
2013     21
2014     0
2015     7
2016     0
2017     -6
2018     -19
2019     -9
2020     9
2021     14
2022     2
2023     -15
2024     -4
2025     -15
2026     -2
2027     -6
2028     -17
2029     -3
2030     5
2031     8
2032     16
2033     23
2034     17
2035     21
2036     -12
2037     -12
2038     11
2039     16
2040     15
2041     23
2042     9
2043     -11
2044     24
2045     20
2046     8
2047     14
2048     -3
2049     -14
2050     9
2051     -6
2052     -16
2053     2
2054     13
2055     3
2056     11
2057     19
2058     8
2059     -7
2060     -5
2061     19
2062     -4
2063     6
2064     3
2065     -20
2066     -6
2067     13
2068     1
2069     -11
2070     -8
2071     -15
2072     9
2073     -15
2074     -14
2075     -4
2076     8
2077     -16
2078     -11
2079     6
2080     -16
2081     7
2082     -3
2083     0
2084     -8
2085     -12
2086     7
2087     17
2088     -10
2089     -5
2090     7
2091     -2
2092     7
2093     -7
2094     0
2095     8
2096     9
2097     -14
2098     -3
2099     3
2100     -25
2101     -13
2102     -7
2103     -11
2104     0
2105     -6
2106     -10
2107     -10
2108     6
2109     18
2110     2
2111     1
2112     2
2113     -2
2114     18
2115     3
2116     -12
2117     15
2118     4
2119     -2
2120     2
2121     6
2122     0
2123     -14
2124     13
2125     -10
2126     -5
2127     2
2128     -15
2129     13
2130     24
2131     14
2132     -3
2133     -17
2134     -6
2135     -5
2136     -9
2137     19
2138     3
2139     10
2140     -11
2141     -1
2142     12
2143     -17
2144     6
2145     -4
2146     -18
2147     3
2148     21
2149     3
2150     -19
2151     -14
2152     -6
2153     14
2154     15
2155     -3
2156     0
2157     1
2158     2
2159     28
2160     9
2161     -18
2162     13
2163     17
2164     3
2165     14
2166     10
2167     -9
2168     -19
2169     -1
2170     -10
2171     -4
2172     3
2173     -3
2174     13
2175     1
2176     15
2177     -13
2178     4
2179     15
2180     9
2181     16
2182     11
2183     11
2184     -13
2185     -11
2186     -5
2187     12
2188     -13
2189     -13
2190     -7
2191     -12
2192     14
2193     -3
2194     -10
2195     9
2196     18
2197     25
2198     11
2199     -18
2200     -8
2201     9
2202     8
2203     12
2204     -13
2205     -11
